% time	cellId	IMSI	frame	sframe	RNTI	mcs	size	ccId
0.026	1	11	3	7	1	0	19	0
0.026	1	11	3	7	1	0	19	1
0.027	1	11	3	8	1	0	19	0
0.027	1	11	3	8	1	0	19	1
0.028	1	11	3	9	1	0	19	0
0.028	1	11	3	9	1	0	19	1
0.029	1	11	3	10	1	0	19	1
0.03	1	11	4	1	1	0	19	0
0.03	1	11	4	1	1	0	19	1
0.031	1	11	4	2	1	0	7	0
0.031	1	3	4	2	10	0	7	0
0.031	1	11	4	2	1	0	7	1
0.031	1	3	4	2	10	0	7	1
0.032	1	11	4	3	1	0	7	0
0.032	1	3	4	3	10	0	7	0
0.032	1	11	4	3	1	0	7	1
0.032	1	3	4	3	10	0	7	1
0.033	1	11	4	4	1	20	145	0
0.033	1	3	4	4	10	0	7	0
0.033	1	11	4	4	1	0	7	1
0.033	1	3	4	4	10	0	7	1
0.034	1	11	4	5	1	20	145	0
0.034	1	3	4	5	10	0	7	0
0.034	1	11	4	5	1	0	7	1
0.034	1	3	4	5	10	0	7	1
0.035	1	11	4	6	1	0	7	1
0.035	1	3	4	6	10	0	7	1
0.036	1	11	4	7	1	20	145	0
0.036	1	3	4	7	10	0	7	0
0.036	1	11	4	7	1	0	7	1
0.036	1	3	4	7	10	0	7	1
0.037	1	11	4	8	1	20	145	0
0.037	1	3	4	8	10	0	7	0
0.037	1	11	4	8	1	0	7	1
0.037	1	3	4	8	10	0	7	1
0.038	1	6	4	9	22	0	7	0
0.038	1	11	4	9	1	20	145	0
0.038	1	6	4	9	22	0	7	1
0.038	1	11	4	9	1	0	7	1
0.039	1	3	4	10	10	0	7	0
0.039	1	6	4	10	22	0	7	0
0.039	1	3	4	10	10	0	7	1
0.039	1	6	4	10	22	0	7	1
0.04	1	11	5	1	1	20	145	0
0.04	1	11	5	1	1	0	7	1
0.04	1	3	5	1	10	0	7	1
0.041	1	6	5	2	22	0	7	1
0.041	1	11	5	2	1	20	145	1
0.042	1	6	5	3	22	0	7	0
0.042	1	11	5	3	1	20	145	0
0.042	1	3	5	3	10	0	7	1
0.042	1	6	5	3	22	0	7	1
0.043	1	6	5	4	22	0	7	0
0.043	1	11	5	4	1	20	145	1
0.043	1	3	5	4	10	0	7	1
0.044	1	4	5	5	33	0	7	0
0.044	1	11	5	5	1	20	145	0
0.044	1	6	5	5	22	0	7	1
0.044	1	4	5	5	33	0	7	1
0.045	1	11	5	6	1	20	145	1
0.045	1	3	5	6	10	0	7	1
0.046	1	4	5	7	33	0	7	0
0.046	1	11	5	7	1	20	145	0
0.046	1	6	5	7	22	0	7	1
0.046	1	4	5	7	33	0	7	1
0.047	1	11	5	8	1	20	145	1
0.047	1	3	5	8	10	0	7	1
0.048	1	6	5	9	22	0	7	1
0.048	1	4	5	9	33	0	7	1
0.049	1	4	5	10	33	0	7	0
0.049	1	1	5	10	45	20	145	0
0.049	1	11	5	10	1	20	145	1
0.049	1	3	5	10	10	0	7	1
0.05	1	11	6	1	1	20	145	0
0.05	1	3	6	1	10	20	145	0
0.05	1	6	6	1	22	0	7	1
0.05	1	4	6	1	33	0	7	1
0.051	1	1	6	2	45	20	145	1
0.051	1	11	6	2	1	20	145	1
0.052	1	1	6	3	45	20	145	0
0.052	1	11	6	3	1	20	145	0
0.052	1	3	6	3	10	20	145	1
0.052	1	6	6	3	22	0	7	1
0.053	1	4	6	4	33	0	7	1
0.053	1	1	6	4	45	20	145	1
0.054	1	3	6	5	10	20	145	0
0.054	1	11	6	5	1	20	145	1
0.054	1	3	6	5	10	20	145	1
0.055	1	1	6	6	45	20	145	0
0.055	1	6	6	6	22	0	7	1
0.055	1	4	6	6	33	0	7	1
0.056	1	7	6	7	56	0	7	0
0.056	1	11	6	7	1	20	145	0
0.056	1	1	6	7	45	20	145	1
0.056	1	7	6	7	56	0	7	1
0.057	1	3	6	8	10	20	145	0
0.057	1	11	6	8	1	20	145	1
0.057	1	3	6	8	10	20	145	1
0.058	1	1	6	9	45	20	145	0
0.058	1	6	6	9	22	0	7	1
0.058	1	4	6	9	33	0	7	1
0.059	1	1	6	10	45	20	145	1
0.059	1	7	6	10	56	20	145	1
0.06	1	7	7	1	56	20	145	0
0.06	1	11	7	1	1	20	145	0
0.06	1	11	7	1	1	20	145	1
0.06	1	3	7	1	10	20	145	1
0.061	1	3	7	2	10	20	145	0
0.061	1	6	7	2	22	0	7	1
0.061	1	4	7	2	33	0	7	1
0.062	1	1	7	3	45	20	145	0
0.062	1	1	7	3	45	20	145	1
0.062	1	7	7	3	56	20	145	1
0.063	1	15	7	4	64	0	7	0
0.063	1	15	7	4	64	0	7	1
0.063	1	11	7	4	1	20	145	1
0.064	1	11	7	5	1	20	145	0
0.064	1	3	7	5	10	20	145	0
0.064	1	3	7	5	10	20	145	1
0.064	1	6	7	5	22	20	145	1
0.065	1	4	7	6	33	0	7	1
0.065	1	1	7	6	45	20	145	1
0.066	1	6	7	7	22	20	145	0
0.066	1	7	7	7	56	20	145	1
0.066	1	15	7	7	64	0	7	1
0.067	1	1	7	8	45	20	145	0
0.067	1	7	7	8	56	20	145	0
0.067	1	11	7	8	1	20	145	1
0.067	1	3	7	8	10	20	145	1
0.068	1	15	7	9	64	0	7	0
0.068	1	12	7	9	71	0	7	0
0.068	1	6	7	9	22	20	145	1
0.068	1	4	7	9	33	0	7	1
0.069	1	11	7	10	1	20	145	0
0.069	1	3	7	10	10	20	145	0
0.069	1	1	7	10	45	20	145	1
0.069	1	7	7	10	56	20	145	1
0.07	1	6	8	1	22	20	145	0
0.07	1	15	8	1	64	0	7	1
0.07	1	12	8	1	71	0	7	1
0.071	1	11	8	2	1	20	145	1
0.071	1	3	8	2	10	20	145	1
0.072	1	1	8	3	45	20	145	0
0.072	1	7	8	3	56	20	145	0
0.072	1	6	8	3	22	20	145	1
0.072	1	4	8	3	33	0	7	1
0.073	1	15	8	4	64	0	7	0
0.073	1	12	8	4	71	0	7	0
0.073	1	1	8	4	45	20	145	1
0.073	1	7	8	4	56	20	145	1
0.074	1	9	8	5	77	0	7	0
0.074	1	11	8	5	1	20	145	0
0.074	1	15	8	5	64	20	145	1
0.074	1	12	8	5	71	0	7	1
0.075	1	3	8	6	10	20	145	0
0.075	1	6	8	6	22	20	145	0
0.075	1	9	8	6	77	0	7	1
0.075	1	11	8	6	1	20	145	1
0.076	1	4	8	7	33	20	145	0
0.076	1	1	8	7	45	20	145	0
0.076	1	3	8	7	10	20	145	1
0.076	1	6	8	7	22	20	145	1
0.077	1	4	8	8	33	20	145	1
0.077	1	1	8	8	45	20	145	1
0.078	1	7	8	9	56	20	145	0
0.078	1	15	8	9	64	20	145	0
0.078	1	7	8	9	56	20	145	1
0.078	1	15	8	9	64	20	145	1
0.079	1	12	8	10	71	0	7	0
0.079	1	9	8	10	77	0	7	0
0.079	1	12	8	10	71	0	7	1
0.079	1	9	8	10	77	0	7	1
0.08	1	14	9	1	80	20	145	0
0.08	1	11	9	1	1	20	145	0
0.08	1	14	9	1	80	20	145	1
0.08	1	11	9	1	1	20	145	1
0.081	1	3	9	2	10	20	145	0
0.081	1	6	9	2	22	20	145	0
0.081	1	3	9	2	10	20	145	1
0.081	1	6	9	2	22	20	145	1
0.082	1	4	9	3	33	20	145	0
0.082	1	1	9	3	45	20	145	0
0.082	1	4	9	3	33	20	145	1
0.082	1	1	9	3	45	20	145	1
0.083	1	7	9	4	56	20	145	1
0.083	1	15	9	4	64	20	145	1
0.084	1	7	9	5	56	20	145	0
0.084	1	15	9	5	64	20	145	0
0.084	1	12	9	5	71	20	145	1
0.084	1	9	9	5	77	0	7	1
0.085	1	12	9	6	71	20	145	0
0.085	1	14	9	6	80	20	145	1
0.085	1	5	9	6	86	20	145	1
0.086	1	14	9	7	80	20	145	0
0.086	1	5	9	7	86	20	145	0
0.086	1	11	9	7	1	20	145	1
0.086	1	3	9	7	10	20	145	1
0.087	1	11	9	8	1	20	145	0
0.087	1	3	9	8	10	20	145	0
0.087	1	6	9	8	22	20	145	1
0.087	1	4	9	8	33	20	145	1
0.088	1	6	9	9	22	20	145	0
0.088	1	4	9	9	33	20	145	0
0.088	1	1	9	9	45	20	145	1
0.088	1	7	9	9	56	20	145	1
0.089	1	15	9	10	64	20	145	1
0.089	1	12	9	10	71	20	145	1
0.09	1	1	10	1	45	20	145	0
0.09	1	7	10	1	56	20	145	0
0.09	1	9	10	1	77	20	145	1
0.09	1	14	10	1	80	20	145	1
0.091	1	15	10	2	64	20	145	0
0.091	1	12	10	2	71	20	145	0
0.091	1	5	10	2	86	20	145	1
0.091	1	8	10	2	91	20	145	1
0.092	1	9	10	3	77	20	145	0
0.092	1	14	10	3	80	20	145	0
0.092	1	11	10	3	1	20	145	1
0.092	1	3	10	3	10	20	145	1
0.093	1	5	10	4	86	20	145	0
0.093	1	8	10	4	91	20	145	0
0.093	1	6	10	4	22	20	145	1
0.093	1	4	10	4	33	20	145	1
0.094	1	11	10	5	1	20	145	0
0.094	1	3	10	5	10	20	145	0
0.094	1	1	10	5	45	20	145	1
0.094	1	7	10	5	56	20	145	1
0.095	1	15	10	6	64	20	145	1
0.095	1	12	10	6	71	20	145	1
0.096	1	6	10	7	22	20	145	0
0.096	1	4	10	7	33	20	145	0
0.096	1	9	10	7	77	20	145	1
0.096	1	14	10	7	80	20	145	1
0.097	1	1	10	8	45	20	145	0
0.097	1	7	10	8	56	20	145	0
0.097	1	5	10	8	86	20	145	1
0.097	1	8	10	8	91	20	145	1
0.098	1	15	10	9	64	20	145	0
0.098	1	12	10	9	71	20	145	0
0.098	1	13	10	9	95	0	7	1
0.098	1	11	10	9	1	20	145	1
0.099	1	9	10	10	77	20	145	0
0.099	1	14	10	10	80	20	145	0
0.099	1	3	10	10	10	20	145	1
0.099	1	6	10	10	22	20	145	1
0.1	1	5	11	1	86	20	145	0
0.1	1	8	11	1	91	20	145	0
0.1	1	4	11	1	33	20	145	1
0.1	1	1	11	1	45	20	145	1
0.101	1	7	11	2	56	20	145	1
0.101	1	15	11	2	64	20	145	1
0.102	1	13	11	3	95	0	7	0
0.102	1	11	11	3	1	20	145	0
0.102	1	12	11	3	71	20	145	1
0.102	1	9	11	3	77	20	145	1
0.103	1	3	11	4	10	20	145	0
0.103	1	6	11	4	22	20	145	0
0.103	1	14	11	4	80	20	145	1
0.103	1	5	11	4	86	20	145	1
0.104	1	4	11	5	33	20	145	0
0.104	1	1	11	5	45	20	145	0
0.104	1	8	11	5	91	20	145	1
0.104	1	13	11	5	95	0	7	1
0.105	1	7	11	6	56	20	145	0
0.105	1	15	11	6	64	20	145	0
0.105	1	10	11	6	98	0	7	1
0.105	1	11	11	6	1	20	145	1
0.106	1	12	11	7	71	20	145	0
0.106	1	9	11	7	77	20	145	0
0.106	1	3	11	7	10	20	145	1
0.106	1	6	11	7	22	20	145	1
0.107	1	14	11	8	80	20	145	0
0.107	1	5	11	8	86	20	145	0
0.107	1	4	11	8	33	20	145	1
0.107	1	1	11	8	45	20	145	1
0.108	1	8	11	9	91	20	145	0
0.108	1	13	11	9	95	0	7	0
0.108	1	7	11	9	56	20	145	1
0.108	1	15	11	9	64	20	145	1
0.109	1	10	11	10	98	0	7	0
0.109	1	2	11	10	100	0	7	0
0.109	1	12	11	10	71	20	145	1
0.109	1	9	11	10	77	20	145	1
0.11	1	11	12	1	1	20	145	0
0.11	1	3	12	1	10	20	145	0
0.11	1	14	12	1	80	20	145	1
0.11	1	5	12	1	86	20	145	1
0.111	1	6	12	2	22	20	145	0
0.111	1	4	12	2	33	20	145	0
0.111	1	8	12	2	91	20	145	1
0.111	1	13	12	2	95	0	7	1
0.112	1	1	12	3	45	20	145	0
0.112	1	7	12	3	56	20	145	0
0.112	1	10	12	3	98	0	7	1
0.112	1	2	12	3	100	0	7	1
0.113	1	15	12	4	64	20	145	0
0.113	1	12	12	4	71	20	145	0
0.113	1	11	12	4	1	20	145	1
0.113	1	3	12	4	10	20	145	1
0.114	1	9	12	5	77	20	145	0
0.114	1	14	12	5	80	20	145	0
0.114	1	6	12	5	22	20	145	1
0.114	1	4	12	5	33	20	145	1
0.115	1	5	12	6	86	20	145	0
0.115	1	8	12	6	91	20	145	0
0.115	1	1	12	6	45	20	145	1
0.115	1	7	12	6	56	20	145	1
0.116	1	13	12	7	95	20	145	0
0.116	1	10	12	7	98	0	7	0
0.116	1	15	12	7	64	20	145	1
0.116	1	12	12	7	71	20	145	1
0.117	1	2	12	8	100	0	7	0
0.117	1	11	12	8	1	20	145	0
0.117	1	9	12	8	77	20	145	1
0.117	1	14	12	8	80	20	145	1
0.118	1	3	12	9	10	20	145	0
0.118	1	6	12	9	22	20	145	0
0.118	1	5	12	9	86	20	145	1
0.118	1	8	12	9	91	20	145	1
0.119	1	4	12	10	33	20	145	0
0.119	1	1	12	10	45	20	145	0
0.119	1	13	12	10	95	20	145	1
0.119	1	10	12	10	98	20	145	1
0.12	1	7	13	1	56	20	145	0
0.12	1	15	13	1	64	20	145	0
0.12	1	2	13	1	100	0	7	1
0.12	1	11	13	1	1	20	145	1
0.121	1	12	13	2	71	20	145	0
0.121	1	9	13	2	77	20	145	0
0.121	1	3	13	2	10	20	145	1
0.121	1	6	13	2	22	20	145	1
0.122	1	14	13	3	80	20	145	0
0.122	1	5	13	3	86	20	145	0
0.122	1	4	13	3	33	20	145	1
0.122	1	1	13	3	45	20	145	1
0.123	1	8	13	4	91	20	145	0
0.123	1	13	13	4	95	20	145	0
0.123	1	7	13	4	56	20	145	1
0.123	1	15	13	4	64	20	145	1
0.124	1	10	13	5	98	20	145	0
0.124	1	2	13	5	100	20	145	0
0.124	1	12	13	5	71	20	145	1
0.124	1	9	13	5	77	20	145	1
0.125	1	11	13	6	1	20	145	0
0.125	1	3	13	6	10	20	145	0
0.125	1	14	13	6	80	20	145	1
0.125	1	5	13	6	86	20	145	1
0.126	1	6	13	7	22	20	145	0
0.126	1	4	13	7	33	20	145	0
0.126	1	8	13	7	91	20	145	1
0.126	1	13	13	7	95	20	145	1
0.127	1	1	13	8	45	20	145	0
0.127	1	7	13	8	56	20	145	0
0.127	1	10	13	8	98	20	145	1
0.127	1	2	13	8	100	20	145	1
0.128	1	15	13	9	64	20	145	0
0.128	1	12	13	9	71	20	145	0
0.128	1	11	13	9	1	20	145	1
0.128	1	3	13	9	10	20	145	1
0.129	1	9	13	10	77	20	145	0
0.129	1	14	13	10	80	20	145	0
0.129	1	6	13	10	22	20	145	1
0.129	1	4	13	10	33	20	145	1
0.13	1	5	14	1	86	20	145	0
0.13	1	8	14	1	91	20	145	0
0.13	1	1	14	1	45	20	145	1
0.13	1	7	14	1	56	20	145	1
0.131	1	13	14	2	95	20	145	0
0.131	1	15	14	2	64	20	145	1
0.131	1	12	14	2	71	20	145	1
0.132	1	2	14	3	100	20	145	0
0.132	1	11	14	3	1	20	145	0
0.132	1	9	14	3	77	20	145	1
0.132	1	14	14	3	80	20	145	1
0.133	1	3	14	4	10	20	145	0
0.133	1	6	14	4	22	20	145	0
0.133	1	5	14	4	86	20	145	1
0.133	1	8	14	4	91	20	145	1
0.134	1	4	14	5	33	20	145	0
0.134	1	1	14	5	45	20	145	0
0.134	1	13	14	5	95	20	145	1
0.134	1	10	14	5	98	20	145	1
0.135	1	7	14	6	56	20	145	0
0.135	1	15	14	6	64	20	145	0
0.135	1	2	14	6	100	20	145	1
0.135	1	11	14	6	1	20	145	1
0.136	1	12	14	7	71	20	145	0
0.136	1	9	14	7	77	20	145	0
0.136	1	3	14	7	10	20	145	1
0.136	1	6	14	7	22	20	145	1
0.137	1	14	14	8	80	20	145	0
0.137	1	5	14	8	86	20	145	0
0.137	1	4	14	8	33	20	145	1
0.137	1	1	14	8	45	20	145	1
0.138	1	8	14	9	91	20	145	0
0.138	1	13	14	9	95	20	145	0
0.138	1	7	14	9	56	20	145	1
0.138	1	15	14	9	64	20	145	1
0.139	1	10	14	10	98	20	145	0
0.139	1	2	14	10	100	20	145	0
0.139	1	12	14	10	71	20	145	1
0.139	1	9	14	10	77	20	145	1
0.14	1	11	15	1	1	20	145	0
0.14	1	3	15	1	10	20	145	0
0.14	1	14	15	1	80	20	145	1
0.14	1	5	15	1	86	20	145	1
0.141	1	6	15	2	22	20	145	0
0.141	1	4	15	2	33	20	145	0
0.141	1	8	15	2	91	20	145	1
0.141	1	13	15	2	95	20	145	1
0.142	1	1	15	3	45	20	145	0
0.142	1	7	15	3	56	20	145	0
0.142	1	10	15	3	98	20	145	1
0.142	1	2	15	3	100	20	145	1
0.143	1	15	15	4	64	20	145	0
0.143	1	12	15	4	71	20	145	0
0.143	1	11	15	4	1	20	145	1
0.143	1	3	15	4	10	20	145	1
0.144	1	9	15	5	77	20	145	0
0.144	1	14	15	5	80	20	145	0
0.144	1	6	15	5	22	20	145	1
0.144	1	4	15	5	33	20	145	1
0.145	1	5	15	6	86	20	145	0
0.145	1	8	15	6	91	20	145	0
0.145	1	1	15	6	45	20	145	1
0.145	1	7	15	6	56	20	145	1
0.146	1	13	15	7	95	20	145	0
0.146	1	15	15	7	64	20	145	1
0.146	1	12	15	7	71	20	145	1
0.147	1	2	15	8	100	20	145	0
0.147	1	11	15	8	1	20	145	0
0.147	1	9	15	8	77	20	145	1
0.147	1	14	15	8	80	20	145	1
0.148	1	3	15	9	10	20	145	0
0.148	1	6	15	9	22	20	145	0
0.148	1	5	15	9	86	20	145	1
0.148	1	8	15	9	91	20	145	1
0.149	1	4	15	10	33	20	145	0
0.149	1	1	15	10	45	20	145	0
0.149	1	13	15	10	95	20	145	1
0.149	1	10	15	10	98	20	145	1
0.15	1	7	16	1	56	20	145	0
0.15	1	15	16	1	64	20	145	0
0.15	1	2	16	1	100	20	145	1
0.15	1	11	16	1	1	20	145	1
0.151	1	12	16	2	71	20	145	0
0.151	1	9	16	2	77	20	145	0
0.151	1	3	16	2	10	20	145	1
0.151	1	6	16	2	22	20	145	1
0.152	1	14	16	3	80	20	145	0
0.152	1	5	16	3	86	20	145	0
0.152	1	4	16	3	33	20	145	1
0.152	1	1	16	3	45	20	145	1
0.153	1	8	16	4	91	20	145	0
0.153	1	13	16	4	95	20	145	0
0.153	1	7	16	4	56	20	145	1
0.153	1	15	16	4	64	20	145	1
0.154	1	10	16	5	98	20	145	0
0.154	1	2	16	5	100	20	145	0
0.154	1	12	16	5	71	20	145	1
0.154	1	9	16	5	77	20	145	1
0.155	1	11	16	6	1	20	145	0
0.155	1	3	16	6	10	20	145	0
0.155	1	14	16	6	80	20	145	1
0.155	1	5	16	6	86	20	145	1
0.156	1	6	16	7	22	20	145	0
0.156	1	4	16	7	33	20	145	0
0.156	1	8	16	7	91	20	145	1
0.156	1	13	16	7	95	20	145	1
0.157	1	1	16	8	45	20	145	0
0.157	1	7	16	8	56	20	145	0
0.157	1	10	16	8	98	20	145	1
0.157	1	2	16	8	100	20	145	1
0.158	1	15	16	9	64	20	145	0
0.158	1	12	16	9	71	20	145	0
0.158	1	11	16	9	1	20	145	1
0.158	1	3	16	9	10	20	145	1
0.159	1	9	16	10	77	20	145	0
0.159	1	14	16	10	80	20	145	0
0.159	1	6	16	10	22	20	145	1
0.159	1	4	16	10	33	20	145	1
0.16	1	5	17	1	86	20	145	0
0.16	1	8	17	1	91	20	145	0
0.16	1	1	17	1	45	20	145	1
0.16	1	7	17	1	56	20	145	1
0.161	1	13	17	2	95	20	145	0
0.161	1	10	17	2	98	20	145	0
0.161	1	15	17	2	64	20	145	1
0.161	1	12	17	2	71	20	145	1
0.162	1	2	17	3	100	20	145	0
0.162	1	11	17	3	1	20	145	0
0.162	1	9	17	3	77	20	145	1
0.162	1	14	17	3	80	20	145	1
0.163	1	3	17	4	10	20	145	0
0.163	1	6	17	4	22	20	145	0
0.163	1	5	17	4	86	20	145	1
0.163	1	8	17	4	91	20	145	1
0.164	1	4	17	5	33	20	145	0
0.164	1	1	17	5	45	20	145	0
0.164	1	13	17	5	95	20	145	1
0.164	1	10	17	5	98	20	145	1
0.165	1	7	17	6	56	20	145	0
0.165	1	15	17	6	64	20	145	0
0.165	1	2	17	6	100	20	145	1
0.165	1	11	17	6	1	20	145	1
0.166	1	12	17	7	71	20	145	0
0.166	1	9	17	7	77	20	145	0
0.166	1	3	17	7	10	20	145	1
0.166	1	6	17	7	22	20	145	1
0.167	1	14	17	8	80	20	145	0
0.167	1	5	17	8	86	20	145	0
0.167	1	4	17	8	33	20	145	1
0.167	1	1	17	8	45	20	145	1
0.168	1	8	17	9	91	20	145	0
0.168	1	13	17	9	95	20	145	0
0.168	1	7	17	9	56	20	145	1
0.168	1	15	17	9	64	20	145	1
0.169	1	10	17	10	98	20	145	0
0.169	1	2	17	10	100	20	145	0
0.169	1	12	17	10	71	20	145	1
0.169	1	9	17	10	77	20	145	1
0.17	1	11	18	1	1	20	145	0
0.17	1	3	18	1	10	20	145	0
0.17	1	14	18	1	80	20	145	1
0.17	1	5	18	1	86	20	145	1
0.171	1	6	18	2	22	20	145	0
0.171	1	4	18	2	33	20	145	0
0.171	1	8	18	2	91	20	145	1
0.171	1	13	18	2	95	20	145	1
0.172	1	1	18	3	45	20	145	0
0.172	1	7	18	3	56	20	145	0
0.172	1	10	18	3	98	20	145	1
0.172	1	2	18	3	100	20	145	1
0.173	1	15	18	4	64	20	145	0
0.173	1	12	18	4	71	20	145	0
0.173	1	11	18	4	1	20	145	1
0.173	1	3	18	4	10	20	145	1
0.174	1	9	18	5	77	20	145	0
0.174	1	14	18	5	80	20	145	0
0.174	1	6	18	5	22	20	145	1
0.174	1	4	18	5	33	20	145	1
0.175	1	5	18	6	86	20	145	0
0.175	1	8	18	6	91	20	145	0
0.175	1	1	18	6	45	20	145	1
0.175	1	7	18	6	56	20	145	1
0.176	1	13	18	7	95	20	145	0
0.176	1	10	18	7	98	20	145	0
0.176	1	15	18	7	64	20	145	1
0.176	1	12	18	7	71	20	145	1
0.177	1	2	18	8	100	20	145	0
0.177	1	11	18	8	1	20	145	0
0.177	1	9	18	8	77	20	145	1
0.177	1	14	18	8	80	20	145	1
0.178	1	3	18	9	10	20	145	0
0.178	1	6	18	9	22	20	145	0
0.178	1	5	18	9	86	20	145	1
0.178	1	8	18	9	91	20	145	1
0.179	1	4	18	10	33	20	145	0
0.179	1	1	18	10	45	20	145	0
0.179	1	13	18	10	95	20	145	1
0.179	1	10	18	10	98	20	145	1
0.18	1	7	19	1	56	20	145	0
0.18	1	15	19	1	64	20	145	0
0.18	1	2	19	1	100	20	145	1
0.18	1	11	19	1	1	20	145	1
0.181	1	12	19	2	71	20	145	0
0.181	1	9	19	2	77	20	145	0
0.181	1	3	19	2	10	20	145	1
0.181	1	6	19	2	22	20	145	1
0.182	1	14	19	3	80	20	145	0
0.182	1	5	19	3	86	20	145	0
0.182	1	4	19	3	33	20	145	1
0.182	1	1	19	3	45	20	145	1
0.183	1	8	19	4	91	20	145	0
0.183	1	13	19	4	95	20	145	0
0.183	1	7	19	4	56	20	145	1
0.183	1	15	19	4	64	20	145	1
0.184	1	10	19	5	98	20	145	0
0.184	1	2	19	5	100	20	145	0
0.184	1	12	19	5	71	20	145	1
0.184	1	9	19	5	77	20	145	1
0.185	1	11	19	6	1	20	145	0
0.185	1	3	19	6	10	20	145	0
0.185	1	14	19	6	80	20	145	1
0.185	1	5	19	6	86	20	145	1
0.186	1	6	19	7	22	20	145	0
0.186	1	4	19	7	33	20	145	0
0.186	1	8	19	7	91	20	145	1
0.186	1	13	19	7	95	20	145	1
0.187	1	1	19	8	45	20	145	0
0.187	1	7	19	8	56	20	145	0
0.187	1	10	19	8	98	20	145	1
0.187	1	2	19	8	100	20	145	1
0.188	1	15	19	9	64	20	145	0
0.188	1	12	19	9	71	20	145	0
0.188	1	11	19	9	1	20	145	1
0.188	1	3	19	9	10	20	145	1
0.189	1	9	19	10	77	20	145	0
0.189	1	14	19	10	80	20	145	0
0.189	1	6	19	10	22	20	145	1
0.189	1	4	19	10	33	20	145	1
0.19	1	5	20	1	86	20	145	0
0.19	1	8	20	1	91	20	145	0
0.19	1	1	20	1	45	20	145	1
0.19	1	7	20	1	56	20	145	1
0.191	1	13	20	2	95	20	145	0
0.191	1	10	20	2	98	20	145	0
0.191	1	15	20	2	64	20	145	1
0.191	1	12	20	2	71	20	145	1
0.192	1	2	20	3	100	20	145	0
0.192	1	11	20	3	1	20	145	0
0.192	1	9	20	3	77	20	145	1
0.192	1	14	20	3	80	20	145	1
0.193	1	3	20	4	10	20	145	0
0.193	1	6	20	4	22	20	145	0
0.193	1	5	20	4	86	20	145	1
0.193	1	8	20	4	91	20	145	1
0.194	1	4	20	5	33	20	145	0
0.194	1	1	20	5	45	20	145	0
0.194	1	13	20	5	95	20	145	1
0.194	1	10	20	5	98	20	145	1
0.195	1	7	20	6	56	20	145	0
0.195	1	15	20	6	64	20	145	0
0.195	1	2	20	6	100	20	145	1
0.195	1	11	20	6	1	20	145	1
0.196	1	12	20	7	71	20	145	0
0.196	1	9	20	7	77	20	145	0
0.196	1	3	20	7	10	20	145	1
0.196	1	6	20	7	22	20	145	1
0.197	1	14	20	8	80	20	145	0
0.197	1	5	20	8	86	20	145	0
0.197	1	4	20	8	33	20	145	1
0.197	1	1	20	8	45	20	145	1
0.198	1	8	20	9	91	20	145	0
0.198	1	13	20	9	95	20	145	0
0.198	1	7	20	9	56	20	145	1
0.198	1	15	20	9	64	20	145	1
0.199	1	10	20	10	98	20	145	0
0.199	1	2	20	10	100	20	145	0
0.199	1	12	20	10	71	20	145	1
0.199	1	9	20	10	77	20	145	1
0.2	1	11	21	1	1	20	145	0
0.2	1	3	21	1	10	20	145	0
0.2	1	14	21	1	80	20	145	1
0.2	1	5	21	1	86	20	145	1
0.201	1	6	21	2	22	20	145	0
0.201	1	4	21	2	33	20	145	0
0.201	1	8	21	2	91	20	145	1
0.201	1	13	21	2	95	20	145	1
0.202	1	1	21	3	45	20	145	0
0.202	1	7	21	3	56	20	145	0
0.202	1	10	21	3	98	20	145	1
0.202	1	2	21	3	100	20	145	1
0.203	1	15	21	4	64	20	145	0
0.203	1	12	21	4	71	20	145	0
0.203	1	11	21	4	1	20	145	1
0.203	1	3	21	4	10	20	145	1
0.204	1	9	21	5	77	20	145	0
0.204	1	14	21	5	80	20	145	0
0.204	1	6	21	5	22	20	145	1
0.204	1	4	21	5	33	20	145	1
0.205	1	5	21	6	86	20	145	0
0.205	1	8	21	6	91	20	145	0
0.205	1	1	21	6	45	20	145	1
0.205	1	7	21	6	56	20	145	1
0.206	1	13	21	7	95	20	145	0
0.206	1	10	21	7	98	20	145	0
0.206	1	15	21	7	64	20	145	1
0.206	1	12	21	7	71	20	145	1
0.207	1	2	21	8	100	20	145	0
0.207	1	11	21	8	1	20	145	0
0.207	1	9	21	8	77	20	145	1
0.207	1	14	21	8	80	20	145	1
0.208	1	3	21	9	10	20	145	0
0.208	1	6	21	9	22	20	145	0
0.208	1	5	21	9	86	20	145	1
0.208	1	8	21	9	91	20	145	1
0.209	1	4	21	10	33	20	145	0
0.209	1	1	21	10	45	20	145	0
0.209	1	13	21	10	95	20	145	1
0.209	1	10	21	10	98	20	145	1
0.21	1	7	22	1	56	20	145	0
0.21	1	15	22	1	64	20	145	0
0.21	1	2	22	1	100	20	145	1
0.21	1	11	22	1	1	20	145	1
0.211	1	12	22	2	71	20	145	0
0.211	1	9	22	2	77	20	145	0
0.211	1	3	22	2	10	20	145	1
0.211	1	6	22	2	22	20	145	1
0.212	1	14	22	3	80	20	145	0
0.212	1	5	22	3	86	20	145	0
0.212	1	4	22	3	33	20	145	1
0.212	1	1	22	3	45	20	145	1
0.213	1	8	22	4	91	20	145	0
0.213	1	13	22	4	95	20	145	0
0.213	1	7	22	4	56	20	145	1
0.213	1	15	22	4	64	20	145	1
0.214	1	10	22	5	98	20	145	0
0.214	1	2	22	5	100	20	145	0
0.214	1	12	22	5	71	20	145	1
0.214	1	9	22	5	77	20	145	1
0.215	1	11	22	6	1	20	145	0
0.215	1	3	22	6	10	20	145	0
0.215	1	14	22	6	80	20	145	1
0.215	1	5	22	6	86	20	145	1
0.216	1	6	22	7	22	20	145	0
0.216	1	4	22	7	33	20	145	0
0.216	1	8	22	7	91	20	145	1
0.216	1	13	22	7	95	20	145	1
0.217	1	1	22	8	45	20	145	0
0.217	1	7	22	8	56	20	145	0
0.217	1	10	22	8	98	20	145	1
0.217	1	2	22	8	100	20	145	1
0.218	1	15	22	9	64	20	145	0
0.218	1	12	22	9	71	20	145	0
0.218	1	11	22	9	1	20	145	1
0.218	1	3	22	9	10	20	145	1
0.219	1	9	22	10	77	20	145	0
0.219	1	14	22	10	80	20	145	0
0.219	1	6	22	10	22	20	145	1
0.219	1	4	22	10	33	20	145	1
0.22	1	5	23	1	86	20	145	0
0.22	1	8	23	1	91	20	145	0
0.22	1	1	23	1	45	20	145	1
0.22	1	7	23	1	56	20	145	1
0.221	1	13	23	2	95	20	145	0
0.221	1	10	23	2	98	20	145	0
0.221	1	15	23	2	64	20	145	1
0.221	1	12	23	2	71	20	145	1
0.222	1	2	23	3	100	20	145	0
0.222	1	11	23	3	1	20	145	0
0.222	1	9	23	3	77	20	145	1
0.222	1	14	23	3	80	20	145	1
0.223	1	3	23	4	10	20	145	0
0.223	1	6	23	4	22	20	145	0
0.223	1	5	23	4	86	20	145	1
0.223	1	8	23	4	91	20	145	1
0.224	1	4	23	5	33	20	145	0
0.224	1	1	23	5	45	20	145	0
0.224	1	13	23	5	95	20	145	1
0.224	1	10	23	5	98	20	145	1
0.225	1	7	23	6	56	20	145	0
0.225	1	15	23	6	64	20	145	0
0.225	1	2	23	6	100	20	145	1
0.225	1	11	23	6	1	20	145	1
0.226	1	12	23	7	71	20	145	0
0.226	1	9	23	7	77	20	145	0
0.226	1	3	23	7	10	20	145	1
0.226	1	6	23	7	22	20	145	1
0.227	1	14	23	8	80	20	145	0
0.227	1	5	23	8	86	20	145	0
0.227	1	4	23	8	33	20	145	1
0.227	1	1	23	8	45	20	145	1
0.228	1	8	23	9	91	20	145	0
0.228	1	13	23	9	95	20	145	0
0.228	1	7	23	9	56	20	145	1
0.228	1	15	23	9	64	20	145	1
0.229	1	10	23	10	98	20	145	0
0.229	1	2	23	10	100	20	145	0
0.229	1	12	23	10	71	20	145	1
0.229	1	9	23	10	77	20	145	1
0.23	1	11	24	1	1	20	145	0
0.23	1	3	24	1	10	20	145	0
0.23	1	14	24	1	80	20	145	1
0.23	1	5	24	1	86	20	145	1
0.231	1	6	24	2	22	20	145	0
0.231	1	4	24	2	33	20	145	0
0.231	1	8	24	2	91	20	145	1
0.231	1	13	24	2	95	20	145	1
0.232	1	1	24	3	45	20	145	0
0.232	1	7	24	3	56	20	145	0
0.232	1	10	24	3	98	20	145	1
0.232	1	2	24	3	100	20	145	1
0.233	1	15	24	4	64	20	145	0
0.233	1	12	24	4	71	20	145	0
0.233	1	11	24	4	1	20	145	1
0.233	1	3	24	4	10	20	145	1
0.234	1	9	24	5	77	20	145	0
0.234	1	14	24	5	80	20	145	0
0.234	1	6	24	5	22	20	145	1
0.234	1	4	24	5	33	20	145	1
0.235	1	5	24	6	86	20	145	0
0.235	1	8	24	6	91	20	145	0
0.235	1	1	24	6	45	20	145	1
0.235	1	7	24	6	56	20	145	1
0.236	1	13	24	7	95	20	145	0
0.236	1	10	24	7	98	20	145	0
0.236	1	15	24	7	64	20	145	1
0.236	1	12	24	7	71	20	145	1
0.237	1	2	24	8	100	20	145	0
0.237	1	11	24	8	1	20	145	0
0.237	1	9	24	8	77	20	145	1
0.237	1	14	24	8	80	20	145	1
0.238	1	3	24	9	10	20	145	0
0.238	1	6	24	9	22	20	145	0
0.238	1	5	24	9	86	20	145	1
0.238	1	8	24	9	91	20	145	1
0.239	1	4	24	10	33	20	145	0
0.239	1	1	24	10	45	20	145	0
0.239	1	13	24	10	95	20	145	1
0.239	1	10	24	10	98	20	145	1
0.24	1	7	25	1	56	20	145	0
0.24	1	15	25	1	64	20	145	0
0.24	1	2	25	1	100	20	145	1
0.24	1	11	25	1	1	20	145	1
0.241	1	12	25	2	71	20	145	0
0.241	1	9	25	2	77	20	145	0
0.241	1	3	25	2	10	20	145	1
0.241	1	6	25	2	22	20	145	1
0.242	1	14	25	3	80	20	145	0
0.242	1	5	25	3	86	20	145	0
0.242	1	4	25	3	33	20	145	1
0.242	1	1	25	3	45	20	145	1
0.243	1	8	25	4	91	20	145	0
0.243	1	13	25	4	95	20	145	0
0.243	1	7	25	4	56	20	145	1
0.243	1	15	25	4	64	20	145	1
0.244	1	10	25	5	98	20	145	0
0.244	1	2	25	5	100	20	145	0
0.244	1	12	25	5	71	20	145	1
0.244	1	9	25	5	77	20	145	1
0.245	1	11	25	6	1	20	145	0
0.245	1	3	25	6	10	20	145	0
0.245	1	14	25	6	80	20	145	1
0.245	1	5	25	6	86	20	145	1
0.246	1	6	25	7	22	20	145	0
0.246	1	4	25	7	33	20	145	0
0.246	1	8	25	7	91	20	145	1
0.246	1	13	25	7	95	20	145	1
0.247	1	1	25	8	45	20	145	0
0.247	1	7	25	8	56	20	145	0
0.247	1	10	25	8	98	20	145	1
0.247	1	2	25	8	100	20	145	1
0.248	1	15	25	9	64	20	145	0
0.248	1	12	25	9	71	20	145	0
0.248	1	11	25	9	1	20	145	1
0.248	1	3	25	9	10	20	145	1
0.249	1	9	25	10	77	20	145	0
0.249	1	14	25	10	80	20	145	0
0.249	1	6	25	10	22	20	145	1
0.249	1	4	25	10	33	20	145	1
0.25	1	5	26	1	86	20	145	0
0.25	1	8	26	1	91	20	145	0
0.25	1	1	26	1	45	20	145	1
0.25	1	7	26	1	56	20	145	1
0.251	1	13	26	2	95	20	145	0
0.251	1	10	26	2	98	20	145	0
0.251	1	15	26	2	64	20	145	1
0.251	1	12	26	2	71	20	145	1
0.252	1	2	26	3	100	20	145	0
0.252	1	11	26	3	1	20	145	0
0.252	1	9	26	3	77	20	145	1
0.252	1	14	26	3	80	20	145	1
0.253	1	3	26	4	10	20	145	0
0.253	1	6	26	4	22	20	145	0
0.253	1	5	26	4	86	20	145	1
0.253	1	8	26	4	91	20	145	1
0.254	1	4	26	5	33	20	145	0
0.254	1	1	26	5	45	20	145	0
0.254	1	13	26	5	95	20	145	1
0.254	1	10	26	5	98	20	145	1
0.255	1	7	26	6	56	20	145	0
0.255	1	15	26	6	64	20	145	0
0.255	1	2	26	6	100	20	145	1
0.255	1	11	26	6	1	20	145	1
0.256	1	12	26	7	71	20	145	0
0.256	1	9	26	7	77	20	145	0
0.256	1	3	26	7	10	20	145	1
0.256	1	6	26	7	22	20	145	1
0.257	1	14	26	8	80	20	145	0
0.257	1	5	26	8	86	20	145	0
0.257	1	4	26	8	33	20	145	1
0.257	1	1	26	8	45	20	145	1
0.258	1	8	26	9	91	20	145	0
0.258	1	13	26	9	95	20	145	0
0.258	1	7	26	9	56	20	145	1
0.258	1	15	26	9	64	20	145	1
0.259	1	10	26	10	98	20	145	0
0.259	1	2	26	10	100	20	145	0
0.259	1	12	26	10	71	20	145	1
0.259	1	9	26	10	77	20	145	1
0.26	1	11	27	1	1	20	145	0
0.26	1	3	27	1	10	20	145	0
0.26	1	14	27	1	80	20	145	1
0.26	1	5	27	1	86	20	145	1
0.261	1	6	27	2	22	20	145	0
0.261	1	4	27	2	33	20	145	0
0.261	1	8	27	2	91	20	145	1
0.261	1	13	27	2	95	20	145	1
0.262	1	1	27	3	45	20	145	0
0.262	1	7	27	3	56	20	145	0
0.262	1	10	27	3	98	20	145	1
0.262	1	2	27	3	100	20	145	1
0.263	1	15	27	4	64	20	145	0
0.263	1	12	27	4	71	20	145	0
0.263	1	11	27	4	1	20	145	1
0.263	1	3	27	4	10	20	145	1
0.264	1	9	27	5	77	20	145	0
0.264	1	14	27	5	80	20	145	0
0.264	1	6	27	5	22	20	145	1
0.264	1	4	27	5	33	20	145	1
0.265	1	5	27	6	86	20	145	0
0.265	1	8	27	6	91	20	145	0
0.265	1	1	27	6	45	20	145	1
0.265	1	7	27	6	56	20	145	1
0.266	1	13	27	7	95	20	145	0
0.266	1	10	27	7	98	20	145	0
0.266	1	15	27	7	64	20	145	1
0.266	1	12	27	7	71	20	145	1
0.267	1	2	27	8	100	20	145	0
0.267	1	11	27	8	1	20	145	0
0.267	1	9	27	8	77	20	145	1
0.267	1	14	27	8	80	20	145	1
0.268	1	3	27	9	10	20	145	0
0.268	1	6	27	9	22	20	145	0
0.268	1	5	27	9	86	20	145	1
0.268	1	8	27	9	91	20	145	1
0.269	1	4	27	10	33	20	145	0
0.269	1	1	27	10	45	20	145	0
0.269	1	13	27	10	95	20	145	1
0.269	1	10	27	10	98	20	145	1
0.27	1	7	28	1	56	20	145	0
0.27	1	15	28	1	64	20	145	0
0.27	1	2	28	1	100	20	145	1
0.27	1	11	28	1	1	20	145	1
0.271	1	12	28	2	71	20	145	0
0.271	1	9	28	2	77	20	145	0
0.271	1	3	28	2	10	20	145	1
0.271	1	6	28	2	22	20	145	1
0.272	1	14	28	3	80	20	145	0
0.272	1	5	28	3	86	20	145	0
0.272	1	4	28	3	33	20	145	1
0.272	1	1	28	3	45	20	145	1
0.273	1	8	28	4	91	20	145	0
0.273	1	13	28	4	95	20	145	0
0.273	1	7	28	4	56	20	145	1
0.273	1	15	28	4	64	20	145	1
0.274	1	10	28	5	98	20	145	0
0.274	1	2	28	5	100	20	145	0
0.274	1	12	28	5	71	20	145	1
0.274	1	9	28	5	77	20	145	1
0.275	1	11	28	6	1	20	145	0
0.275	1	3	28	6	10	20	145	0
0.275	1	14	28	6	80	20	145	1
0.275	1	5	28	6	86	20	145	1
0.276	1	6	28	7	22	20	145	0
0.276	1	4	28	7	33	20	145	0
0.276	1	8	28	7	91	20	145	1
0.276	1	13	28	7	95	20	145	1
0.277	1	1	28	8	45	20	145	0
0.277	1	7	28	8	56	20	145	0
0.277	1	10	28	8	98	20	145	1
0.277	1	2	28	8	100	20	145	1
0.278	1	15	28	9	64	20	145	0
0.278	1	12	28	9	71	20	145	0
0.278	1	11	28	9	1	20	145	1
0.278	1	3	28	9	10	20	145	1
0.279	1	9	28	10	77	20	145	0
0.279	1	14	28	10	80	20	145	0
0.279	1	6	28	10	22	20	145	1
0.279	1	4	28	10	33	20	145	1
0.28	1	5	29	1	86	20	145	0
0.28	1	8	29	1	91	20	145	0
0.28	1	1	29	1	45	20	145	1
0.28	1	7	29	1	56	20	145	1
0.281	1	13	29	2	95	20	145	0
0.281	1	10	29	2	98	20	145	0
0.281	1	15	29	2	64	20	145	1
0.281	1	12	29	2	71	20	145	1
0.282	1	2	29	3	100	20	145	0
0.282	1	11	29	3	1	20	145	0
0.282	1	9	29	3	77	20	145	1
0.282	1	14	29	3	80	20	145	1
0.283	1	3	29	4	10	20	145	0
0.283	1	6	29	4	22	20	145	0
0.283	1	5	29	4	86	20	145	1
0.283	1	8	29	4	91	20	145	1
0.284	1	4	29	5	33	20	145	0
0.284	1	1	29	5	45	20	145	0
0.284	1	13	29	5	95	20	145	1
0.284	1	10	29	5	98	20	145	1
0.285	1	7	29	6	56	20	145	0
0.285	1	15	29	6	64	20	145	0
0.285	1	2	29	6	100	20	145	1
0.285	1	11	29	6	1	20	145	1
0.286	1	12	29	7	71	20	145	0
0.286	1	9	29	7	77	20	145	0
0.286	1	3	29	7	10	20	145	1
0.286	1	6	29	7	22	20	145	1
0.287	1	14	29	8	80	20	145	0
0.287	1	5	29	8	86	20	145	0
0.287	1	4	29	8	33	20	145	1
0.287	1	1	29	8	45	20	145	1
0.288	1	8	29	9	91	20	145	0
0.288	1	13	29	9	95	20	145	0
0.288	1	7	29	9	56	20	145	1
0.288	1	15	29	9	64	20	145	1
0.289	1	10	29	10	98	20	145	0
0.289	1	2	29	10	100	20	145	0
0.289	1	12	29	10	71	20	145	1
0.289	1	9	29	10	77	20	145	1
0.29	1	11	30	1	1	20	145	0
0.29	1	3	30	1	10	20	145	0
0.29	1	14	30	1	80	20	145	1
0.29	1	5	30	1	86	20	145	1
0.291	1	6	30	2	22	20	145	0
0.291	1	4	30	2	33	20	145	0
0.291	1	8	30	2	91	20	145	1
0.291	1	13	30	2	95	20	145	1
0.292	1	1	30	3	45	20	145	0
0.292	1	7	30	3	56	20	145	0
0.292	1	10	30	3	98	20	145	1
0.292	1	2	30	3	100	20	145	1
0.293	1	15	30	4	64	20	145	0
0.293	1	12	30	4	71	20	145	0
0.293	1	11	30	4	1	20	145	1
0.293	1	3	30	4	10	20	145	1
0.294	1	9	30	5	77	20	145	0
0.294	1	14	30	5	80	20	145	0
0.294	1	6	30	5	22	20	145	1
0.294	1	4	30	5	33	20	145	1
0.295	1	5	30	6	86	20	145	0
0.295	1	8	30	6	91	20	145	0
0.295	1	1	30	6	45	20	145	1
0.295	1	7	30	6	56	20	145	1
0.296	1	13	30	7	95	20	145	0
0.296	1	10	30	7	98	20	145	0
0.296	1	15	30	7	64	20	145	1
0.296	1	12	30	7	71	20	145	1
0.297	1	2	30	8	100	20	145	0
0.297	1	11	30	8	1	20	145	0
0.297	1	9	30	8	77	20	145	1
0.297	1	14	30	8	80	20	145	1
0.298	1	3	30	9	10	20	145	0
0.298	1	6	30	9	22	20	145	0
0.298	1	5	30	9	86	20	145	1
0.298	1	8	30	9	91	20	145	1
0.299	1	4	30	10	33	20	145	0
0.299	1	1	30	10	45	20	145	0
0.299	1	13	30	10	95	20	145	1
0.299	1	10	30	10	98	20	145	1
0.3	1	7	31	1	56	20	145	0
0.3	1	15	31	1	64	20	145	0
0.3	1	2	31	1	100	20	145	1
0.3	1	11	31	1	1	20	145	1
0.301	1	12	31	2	71	20	145	0
0.301	1	9	31	2	77	20	145	0
0.301	1	3	31	2	10	20	145	1
0.301	1	6	31	2	22	20	145	1
0.302	1	14	31	3	80	20	145	0
0.302	1	5	31	3	86	20	145	0
0.302	1	4	31	3	33	20	145	1
0.302	1	1	31	3	45	20	145	1
0.303	1	8	31	4	91	20	145	0
0.303	1	13	31	4	95	20	145	0
0.303	1	7	31	4	56	20	145	1
0.303	1	15	31	4	64	20	145	1
0.304	1	10	31	5	98	20	145	0
0.304	1	2	31	5	100	20	145	0
0.304	1	12	31	5	71	20	145	1
0.304	1	9	31	5	77	20	145	1
0.305	1	11	31	6	1	20	145	0
0.305	1	3	31	6	10	20	145	0
0.305	1	14	31	6	80	20	145	1
0.305	1	5	31	6	86	20	145	1
0.306	1	6	31	7	22	20	145	0
0.306	1	4	31	7	33	20	145	0
0.306	1	8	31	7	91	20	145	1
0.306	1	13	31	7	95	20	145	1
0.307	1	1	31	8	45	20	145	0
0.307	1	7	31	8	56	20	145	0
0.307	1	10	31	8	98	20	145	1
0.307	1	2	31	8	100	20	145	1
0.308	1	15	31	9	64	20	145	0
0.308	1	12	31	9	71	20	145	0
0.308	1	11	31	9	1	20	145	1
0.308	1	3	31	9	10	20	145	1
0.309	1	9	31	10	77	20	145	0
0.309	1	14	31	10	80	20	145	0
0.309	1	6	31	10	22	20	145	1
0.309	1	4	31	10	33	20	145	1
0.31	1	5	32	1	86	20	145	0
0.31	1	8	32	1	91	20	145	0
0.31	1	1	32	1	45	20	145	1
0.31	1	7	32	1	56	20	145	1
0.311	1	13	32	2	95	20	145	0
0.311	1	10	32	2	98	20	145	0
0.311	1	15	32	2	64	20	145	1
0.311	1	12	32	2	71	20	145	1
0.312	1	2	32	3	100	20	145	0
0.312	1	11	32	3	1	20	145	0
0.312	1	9	32	3	77	20	145	1
0.312	1	14	32	3	80	20	145	1
0.313	1	3	32	4	10	20	145	0
0.313	1	6	32	4	22	20	145	0
0.313	1	5	32	4	86	20	145	1
0.313	1	8	32	4	91	20	145	1
0.314	1	4	32	5	33	20	145	0
0.314	1	1	32	5	45	20	145	0
0.314	1	13	32	5	95	20	145	1
0.314	1	10	32	5	98	20	145	1
0.315	1	7	32	6	56	20	145	0
0.315	1	15	32	6	64	20	145	0
0.315	1	2	32	6	100	20	145	1
0.315	1	11	32	6	1	20	145	1
0.316	1	12	32	7	71	20	145	0
0.316	1	9	32	7	77	20	145	0
0.316	1	3	32	7	10	20	145	1
0.316	1	6	32	7	22	20	145	1
0.317	1	14	32	8	80	20	145	0
0.317	1	5	32	8	86	20	145	0
0.317	1	4	32	8	33	20	145	1
0.317	1	1	32	8	45	20	145	1
0.318	1	8	32	9	91	20	145	0
0.318	1	13	32	9	95	20	145	0
0.318	1	7	32	9	56	20	145	1
0.318	1	15	32	9	64	20	145	1
0.319	1	10	32	10	98	20	145	0
0.319	1	2	32	10	100	20	145	0
0.319	1	12	32	10	71	20	145	1
0.319	1	9	32	10	77	20	145	1
0.32	1	11	33	1	1	20	145	0
0.32	1	3	33	1	10	20	145	0
0.32	1	14	33	1	80	20	145	1
0.32	1	5	33	1	86	20	145	1
0.321	1	6	33	2	22	20	145	0
0.321	1	4	33	2	33	20	145	0
0.321	1	8	33	2	91	20	145	1
0.321	1	13	33	2	95	20	145	1
0.322	1	1	33	3	45	20	145	0
0.322	1	7	33	3	56	20	145	0
0.322	1	10	33	3	98	20	145	1
0.322	1	2	33	3	100	20	145	1
0.323	1	15	33	4	64	20	145	0
0.323	1	12	33	4	71	20	145	0
0.323	1	11	33	4	1	20	145	1
0.323	1	3	33	4	10	20	145	1
0.324	1	9	33	5	77	20	145	0
0.324	1	14	33	5	80	20	145	0
0.324	1	6	33	5	22	20	145	1
0.324	1	4	33	5	33	20	145	1
0.325	1	5	33	6	86	20	145	0
0.325	1	8	33	6	91	20	145	0
0.325	1	1	33	6	45	20	145	1
0.325	1	7	33	6	56	20	145	1
0.326	1	13	33	7	95	20	145	0
0.326	1	10	33	7	98	20	145	0
0.326	1	15	33	7	64	20	145	1
0.326	1	12	33	7	71	20	145	1
0.327	1	2	33	8	100	20	145	0
0.327	1	11	33	8	1	20	145	0
0.327	1	9	33	8	77	20	145	1
0.327	1	14	33	8	80	20	145	1
0.328	1	3	33	9	10	20	145	0
0.328	1	6	33	9	22	20	145	0
0.328	1	5	33	9	86	20	145	1
0.328	1	8	33	9	91	20	145	1
0.329	1	4	33	10	33	20	145	0
0.329	1	1	33	10	45	20	145	0
0.329	1	13	33	10	95	20	145	1
0.329	1	10	33	10	98	20	145	1
0.33	1	7	34	1	56	20	145	0
0.33	1	15	34	1	64	20	145	0
0.33	1	2	34	1	100	20	145	1
0.33	1	11	34	1	1	20	145	1
0.331	1	12	34	2	71	20	145	0
0.331	1	9	34	2	77	20	145	0
0.331	1	3	34	2	10	20	145	1
0.331	1	6	34	2	22	20	145	1
0.332	1	14	34	3	80	20	145	0
0.332	1	5	34	3	86	20	145	0
0.332	1	4	34	3	33	20	145	1
0.332	1	1	34	3	45	20	145	1
0.333	1	8	34	4	91	20	145	0
0.333	1	13	34	4	95	20	145	0
0.333	1	7	34	4	56	20	145	1
0.333	1	15	34	4	64	20	145	1
0.334	1	10	34	5	98	20	145	0
0.334	1	2	34	5	100	20	145	0
0.334	1	12	34	5	71	20	145	1
0.334	1	9	34	5	77	20	145	1
0.335	1	11	34	6	1	20	145	0
0.335	1	3	34	6	10	20	145	0
0.335	1	14	34	6	80	20	145	1
0.335	1	5	34	6	86	20	145	1
0.336	1	6	34	7	22	20	145	0
0.336	1	4	34	7	33	20	145	0
0.336	1	8	34	7	91	20	145	1
0.336	1	13	34	7	95	20	145	1
0.337	1	1	34	8	45	20	145	0
0.337	1	7	34	8	56	20	145	0
0.337	1	10	34	8	98	20	145	1
0.337	1	2	34	8	100	20	145	1
0.338	1	15	34	9	64	20	145	0
0.338	1	12	34	9	71	20	145	0
0.338	1	11	34	9	1	20	145	1
0.338	1	3	34	9	10	20	145	1
0.339	1	9	34	10	77	20	145	0
0.339	1	14	34	10	80	20	145	0
0.339	1	6	34	10	22	20	145	1
0.339	1	4	34	10	33	20	145	1
0.34	1	5	35	1	86	20	145	0
0.34	1	8	35	1	91	20	145	0
0.34	1	1	35	1	45	20	145	1
0.34	1	7	35	1	56	20	145	1
0.341	1	13	35	2	95	20	145	0
0.341	1	10	35	2	98	20	145	0
0.341	1	15	35	2	64	20	145	1
0.341	1	12	35	2	71	20	145	1
0.342	1	2	35	3	100	20	145	0
0.342	1	11	35	3	1	20	145	0
0.342	1	9	35	3	77	20	145	1
0.342	1	14	35	3	80	20	145	1
0.343	1	3	35	4	10	20	145	0
0.343	1	6	35	4	22	20	145	0
0.343	1	5	35	4	86	20	145	1
0.343	1	8	35	4	91	20	145	1
0.344	1	4	35	5	33	20	145	0
0.344	1	1	35	5	45	20	145	0
0.344	1	13	35	5	95	20	145	1
0.344	1	10	35	5	98	20	145	1
0.345	1	7	35	6	56	20	145	0
0.345	1	15	35	6	64	20	145	0
0.345	1	2	35	6	100	20	145	1
0.345	1	11	35	6	1	20	145	1
0.346	1	12	35	7	71	20	145	0
0.346	1	9	35	7	77	20	145	0
0.346	1	3	35	7	10	20	145	1
0.346	1	6	35	7	22	20	145	1
0.347	1	14	35	8	80	20	145	0
0.347	1	5	35	8	86	20	145	0
0.347	1	4	35	8	33	20	145	1
0.347	1	1	35	8	45	20	145	1
0.348	1	8	35	9	91	20	145	0
0.348	1	13	35	9	95	20	145	0
0.348	1	7	35	9	56	20	145	1
0.348	1	15	35	9	64	20	145	1
0.349	1	10	35	10	98	20	145	0
0.349	1	2	35	10	100	20	145	0
0.349	1	12	35	10	71	20	145	1
0.349	1	9	35	10	77	20	145	1
0.35	1	11	36	1	1	20	145	0
0.35	1	3	36	1	10	20	145	0
0.35	1	14	36	1	80	20	145	1
0.35	1	5	36	1	86	20	145	1
0.351	1	6	36	2	22	20	145	0
0.351	1	4	36	2	33	20	145	0
0.351	1	8	36	2	91	20	145	1
0.351	1	13	36	2	95	20	145	1
0.352	1	1	36	3	45	20	145	0
0.352	1	7	36	3	56	20	145	0
0.352	1	10	36	3	98	20	145	1
0.352	1	2	36	3	100	20	145	1
0.353	1	15	36	4	64	20	145	0
0.353	1	12	36	4	71	20	145	0
0.353	1	11	36	4	1	20	145	1
0.353	1	3	36	4	10	20	145	1
0.354	1	9	36	5	77	20	145	0
0.354	1	14	36	5	80	20	145	0
0.354	1	6	36	5	22	20	145	1
0.354	1	4	36	5	33	20	145	1
0.355	1	5	36	6	86	20	145	0
0.355	1	8	36	6	91	20	145	0
0.355	1	1	36	6	45	20	145	1
0.355	1	7	36	6	56	20	145	1
0.356	1	13	36	7	95	20	145	0
0.356	1	10	36	7	98	20	145	0
0.356	1	15	36	7	64	20	145	1
0.356	1	12	36	7	71	20	145	1
0.357	1	2	36	8	100	20	145	0
0.357	1	11	36	8	1	20	145	0
0.357	1	9	36	8	77	20	145	1
0.357	1	14	36	8	80	20	145	1
0.358	1	3	36	9	10	20	145	0
0.358	1	6	36	9	22	20	145	0
0.358	1	5	36	9	86	20	145	1
0.358	1	8	36	9	91	20	145	1
0.359	1	4	36	10	33	20	145	0
0.359	1	1	36	10	45	20	145	0
0.359	1	13	36	10	95	20	145	1
0.359	1	10	36	10	98	20	145	1
0.36	1	7	37	1	56	20	145	0
0.36	1	15	37	1	64	20	145	0
0.36	1	2	37	1	100	20	145	1
0.36	1	11	37	1	1	20	145	1
0.361	1	12	37	2	71	20	145	0
0.361	1	9	37	2	77	20	145	0
0.361	1	3	37	2	10	20	145	1
0.361	1	6	37	2	22	20	145	1
0.362	1	14	37	3	80	20	145	0
0.362	1	5	37	3	86	20	145	0
0.362	1	4	37	3	33	20	145	1
0.362	1	1	37	3	45	20	145	1
0.363	1	8	37	4	91	20	145	0
0.363	1	13	37	4	95	20	145	0
0.363	1	7	37	4	56	20	145	1
0.363	1	15	37	4	64	20	145	1
0.364	1	10	37	5	98	20	145	0
0.364	1	2	37	5	100	20	145	0
0.364	1	12	37	5	71	20	145	1
0.364	1	9	37	5	77	20	145	1
0.365	1	11	37	6	1	20	145	0
0.365	1	3	37	6	10	20	145	0
0.365	1	14	37	6	80	20	145	1
0.365	1	5	37	6	86	20	145	1
0.366	1	6	37	7	22	20	145	0
0.366	1	4	37	7	33	20	145	0
0.366	1	8	37	7	91	20	145	1
0.366	1	13	37	7	95	20	145	1
0.367	1	1	37	8	45	20	145	0
0.367	1	7	37	8	56	20	145	0
0.367	1	10	37	8	98	20	145	1
0.367	1	2	37	8	100	20	145	1
0.368	1	15	37	9	64	20	145	0
0.368	1	12	37	9	71	20	145	0
0.368	1	11	37	9	1	20	145	1
0.368	1	3	37	9	10	20	145	1
0.369	1	9	37	10	77	20	145	0
0.369	1	14	37	10	80	20	145	0
0.369	1	6	37	10	22	20	145	1
0.369	1	4	37	10	33	20	145	1
0.37	1	5	38	1	86	20	145	0
0.37	1	8	38	1	91	20	145	0
0.37	1	1	38	1	45	20	145	1
0.37	1	7	38	1	56	20	145	1
0.371	1	13	38	2	95	20	145	0
0.371	1	10	38	2	98	20	145	0
0.371	1	15	38	2	64	20	145	1
0.371	1	12	38	2	71	20	145	1
0.372	1	2	38	3	100	20	145	0
0.372	1	11	38	3	1	20	145	0
0.372	1	9	38	3	77	20	145	1
0.372	1	14	38	3	80	20	145	1
0.373	1	3	38	4	10	20	145	0
0.373	1	6	38	4	22	20	145	0
0.373	1	5	38	4	86	20	145	1
0.373	1	8	38	4	91	20	145	1
0.374	1	4	38	5	33	20	145	0
0.374	1	1	38	5	45	20	145	0
0.374	1	13	38	5	95	20	145	1
0.374	1	10	38	5	98	20	145	1
0.375	1	7	38	6	56	20	145	0
0.375	1	15	38	6	64	20	145	0
0.375	1	2	38	6	100	20	145	1
0.375	1	11	38	6	1	20	145	1
0.376	1	12	38	7	71	20	145	0
0.376	1	9	38	7	77	20	145	0
0.376	1	3	38	7	10	20	145	1
0.376	1	6	38	7	22	20	145	1
0.377	1	14	38	8	80	20	145	0
0.377	1	5	38	8	86	20	145	0
0.377	1	4	38	8	33	20	145	1
0.377	1	1	38	8	45	20	145	1
0.378	1	8	38	9	91	20	145	0
0.378	1	13	38	9	95	20	145	0
0.378	1	7	38	9	56	20	145	1
0.378	1	15	38	9	64	20	145	1
0.379	1	10	38	10	98	20	145	0
0.379	1	2	38	10	100	20	145	0
0.379	1	12	38	10	71	20	145	1
0.379	1	9	38	10	77	20	145	1
0.38	1	11	39	1	1	20	145	0
0.38	1	3	39	1	10	20	145	0
0.38	1	14	39	1	80	20	145	1
0.38	1	5	39	1	86	20	145	1
0.381	1	6	39	2	22	20	145	0
0.381	1	4	39	2	33	20	145	0
0.381	1	8	39	2	91	20	145	1
0.381	1	13	39	2	95	20	145	1
0.382	1	1	39	3	45	20	145	0
0.382	1	7	39	3	56	20	145	0
0.382	1	10	39	3	98	20	145	1
0.382	1	2	39	3	100	20	145	1
0.383	1	15	39	4	64	20	145	0
0.383	1	12	39	4	71	20	145	0
0.383	1	11	39	4	1	20	145	1
0.383	1	3	39	4	10	20	145	1
0.384	1	9	39	5	77	20	145	0
0.384	1	14	39	5	80	20	145	0
0.384	1	6	39	5	22	20	145	1
0.384	1	4	39	5	33	20	145	1
0.385	1	5	39	6	86	20	145	0
0.385	1	8	39	6	91	20	145	0
0.385	1	1	39	6	45	20	145	1
0.385	1	7	39	6	56	20	145	1
0.386	1	13	39	7	95	20	145	0
0.386	1	10	39	7	98	20	145	0
0.386	1	15	39	7	64	20	145	1
0.386	1	12	39	7	71	20	145	1
0.387	1	2	39	8	100	20	145	0
0.387	1	11	39	8	1	20	145	0
0.387	1	9	39	8	77	20	145	1
0.387	1	14	39	8	80	20	145	1
0.388	1	3	39	9	10	20	145	0
0.388	1	6	39	9	22	20	145	0
0.388	1	5	39	9	86	20	145	1
0.388	1	8	39	9	91	20	145	1
0.389	1	4	39	10	33	20	145	0
0.389	1	1	39	10	45	20	145	0
0.389	1	13	39	10	95	20	145	1
0.389	1	10	39	10	98	20	145	1
0.39	1	7	40	1	56	20	145	0
0.39	1	15	40	1	64	20	145	0
0.39	1	2	40	1	100	20	145	1
0.39	1	11	40	1	1	20	145	1
0.391	1	12	40	2	71	20	145	0
0.391	1	9	40	2	77	20	145	0
0.391	1	3	40	2	10	20	145	1
0.391	1	6	40	2	22	20	145	1
0.392	1	14	40	3	80	20	145	0
0.392	1	5	40	3	86	20	145	0
0.392	1	4	40	3	33	20	145	1
0.392	1	1	40	3	45	20	145	1
0.393	1	8	40	4	91	20	145	0
0.393	1	13	40	4	95	20	145	0
0.393	1	7	40	4	56	20	145	1
0.393	1	15	40	4	64	20	145	1
0.394	1	10	40	5	98	20	145	0
0.394	1	2	40	5	100	20	145	0
0.394	1	12	40	5	71	20	145	1
0.394	1	9	40	5	77	20	145	1
0.395	1	11	40	6	1	20	145	0
0.395	1	3	40	6	10	20	145	0
0.395	1	14	40	6	80	20	145	1
0.395	1	5	40	6	86	20	145	1
0.396	1	6	40	7	22	20	145	0
0.396	1	4	40	7	33	20	145	0
0.396	1	8	40	7	91	20	145	1
0.396	1	13	40	7	95	20	145	1
0.397	1	1	40	8	45	20	145	0
0.397	1	7	40	8	56	20	145	0
0.397	1	10	40	8	98	20	145	1
0.397	1	2	40	8	100	20	145	1
0.398	1	15	40	9	64	20	145	0
0.398	1	12	40	9	71	20	145	0
0.398	1	11	40	9	1	20	145	1
0.398	1	3	40	9	10	20	145	1
0.399	1	9	40	10	77	20	145	0
0.399	1	14	40	10	80	20	145	0
0.399	1	6	40	10	22	20	145	1
0.399	1	4	40	10	33	20	145	1
0.4	1	5	41	1	86	20	145	0
0.4	1	8	41	1	91	20	145	0
0.4	1	1	41	1	45	20	145	1
0.4	1	7	41	1	56	20	145	1
0.401	1	13	41	2	95	20	145	0
0.401	1	10	41	2	98	20	145	0
0.401	1	15	41	2	64	20	145	1
0.401	1	12	41	2	71	20	145	1
0.402	1	2	41	3	100	20	145	0
0.402	1	11	41	3	1	20	145	0
0.402	1	9	41	3	77	20	145	1
0.402	1	14	41	3	80	20	145	1
0.403	1	3	41	4	10	20	145	0
0.403	1	6	41	4	22	20	145	0
0.403	1	5	41	4	86	20	145	1
0.403	1	8	41	4	91	20	145	1
0.404	1	4	41	5	33	20	145	0
0.404	1	1	41	5	45	20	145	0
0.404	1	13	41	5	95	20	145	1
0.404	1	10	41	5	98	20	145	1
0.405	1	7	41	6	56	20	145	0
0.405	1	15	41	6	64	20	145	0
0.405	1	2	41	6	100	20	145	1
0.405	1	11	41	6	1	20	145	1
0.406	1	12	41	7	71	20	145	0
0.406	1	9	41	7	77	20	145	0
0.406	1	3	41	7	10	20	145	1
0.406	1	6	41	7	22	20	145	1
0.407	1	14	41	8	80	20	145	0
0.407	1	5	41	8	86	20	145	0
0.407	1	4	41	8	33	20	145	1
0.407	1	1	41	8	45	20	145	1
0.408	1	8	41	9	91	20	145	0
0.408	1	13	41	9	95	20	145	0
0.408	1	7	41	9	56	20	145	1
0.408	1	15	41	9	64	20	145	1
0.409	1	10	41	10	98	20	145	0
0.409	1	2	41	10	100	20	145	0
0.409	1	12	41	10	71	20	145	1
0.409	1	9	41	10	77	20	145	1
0.41	1	11	42	1	1	20	145	0
0.41	1	3	42	1	10	20	145	0
0.41	1	14	42	1	80	20	145	1
0.41	1	5	42	1	86	20	145	1
0.411	1	6	42	2	22	20	145	0
0.411	1	4	42	2	33	20	145	0
0.411	1	8	42	2	91	20	145	1
0.411	1	13	42	2	95	20	145	1
0.412	1	1	42	3	45	20	145	0
0.412	1	7	42	3	56	20	145	0
0.412	1	10	42	3	98	20	145	1
0.412	1	2	42	3	100	20	145	1
0.413	1	15	42	4	64	20	145	0
0.413	1	12	42	4	71	20	145	0
0.413	1	11	42	4	1	20	145	1
0.413	1	3	42	4	10	20	145	1
0.414	1	9	42	5	77	20	145	0
0.414	1	14	42	5	80	20	145	0
0.414	1	6	42	5	22	20	145	1
0.414	1	4	42	5	33	20	145	1
0.415	1	5	42	6	86	20	145	0
0.415	1	8	42	6	91	20	145	0
0.415	1	1	42	6	45	20	145	1
0.415	1	7	42	6	56	20	145	1
0.416	1	13	42	7	95	20	145	0
0.416	1	10	42	7	98	20	145	0
0.416	1	15	42	7	64	20	145	1
0.416	1	12	42	7	71	20	145	1
0.417	1	2	42	8	100	20	145	0
0.417	1	11	42	8	1	20	145	0
0.417	1	9	42	8	77	20	145	1
0.417	1	14	42	8	80	20	145	1
0.418	1	3	42	9	10	20	145	0
0.418	1	6	42	9	22	20	145	0
0.418	1	5	42	9	86	20	145	1
0.418	1	8	42	9	91	20	145	1
0.419	1	4	42	10	33	20	145	0
0.419	1	1	42	10	45	20	145	0
0.419	1	13	42	10	95	20	145	1
0.419	1	10	42	10	98	20	145	1
0.42	1	7	43	1	56	20	145	0
0.42	1	15	43	1	64	20	145	0
0.42	1	2	43	1	100	20	145	1
0.42	1	11	43	1	1	20	145	1
0.421	1	12	43	2	71	20	145	0
0.421	1	9	43	2	77	20	145	0
0.421	1	3	43	2	10	20	145	1
0.421	1	6	43	2	22	20	145	1
0.422	1	14	43	3	80	20	145	0
0.422	1	5	43	3	86	20	145	0
0.422	1	4	43	3	33	20	145	1
0.422	1	1	43	3	45	20	145	1
0.423	1	8	43	4	91	20	145	0
0.423	1	13	43	4	95	20	145	0
0.423	1	7	43	4	56	20	145	1
0.423	1	15	43	4	64	20	145	1
0.424	1	10	43	5	98	20	145	0
0.424	1	2	43	5	100	20	145	0
0.424	1	12	43	5	71	20	145	1
0.424	1	9	43	5	77	20	145	1
0.425	1	11	43	6	1	20	145	0
0.425	1	3	43	6	10	20	145	0
0.425	1	14	43	6	80	20	145	1
0.425	1	5	43	6	86	20	145	1
0.426	1	6	43	7	22	20	145	0
0.426	1	4	43	7	33	20	145	0
0.426	1	8	43	7	91	20	145	1
0.426	1	13	43	7	95	20	145	1
0.427	1	1	43	8	45	20	145	0
0.427	1	7	43	8	56	20	145	0
0.427	1	10	43	8	98	20	145	1
0.427	1	2	43	8	100	20	145	1
0.428	1	15	43	9	64	20	145	0
0.428	1	12	43	9	71	20	145	0
0.428	1	11	43	9	1	20	145	1
0.428	1	3	43	9	10	20	145	1
0.429	1	9	43	10	77	20	145	0
0.429	1	14	43	10	80	20	145	0
0.429	1	6	43	10	22	20	145	1
0.429	1	4	43	10	33	20	145	1
0.43	1	5	44	1	86	20	145	0
0.43	1	8	44	1	91	20	145	0
0.43	1	1	44	1	45	20	145	1
0.43	1	7	44	1	56	20	145	1
0.431	1	13	44	2	95	20	145	0
0.431	1	10	44	2	98	20	145	0
0.431	1	15	44	2	64	20	145	1
0.431	1	12	44	2	71	20	145	1
0.432	1	2	44	3	100	20	145	0
0.432	1	11	44	3	1	20	145	0
0.432	1	9	44	3	77	20	145	1
0.432	1	14	44	3	80	20	145	1
0.433	1	3	44	4	10	20	145	0
0.433	1	6	44	4	22	20	145	0
0.433	1	5	44	4	86	20	145	1
0.433	1	8	44	4	91	20	145	1
0.434	1	4	44	5	33	20	145	0
0.434	1	1	44	5	45	20	145	0
0.434	1	13	44	5	95	20	145	1
0.434	1	10	44	5	98	20	145	1
0.435	1	7	44	6	56	20	145	0
0.435	1	15	44	6	64	20	145	0
0.435	1	2	44	6	100	20	145	1
0.435	1	11	44	6	1	20	145	1
0.436	1	12	44	7	71	20	145	0
0.436	1	9	44	7	77	20	145	0
0.436	1	3	44	7	10	20	145	1
0.436	1	6	44	7	22	20	145	1
0.437	1	14	44	8	80	20	145	0
0.437	1	5	44	8	86	20	145	0
0.437	1	4	44	8	33	20	145	1
0.437	1	1	44	8	45	20	145	1
0.438	1	8	44	9	91	20	145	0
0.438	1	13	44	9	95	20	145	0
0.438	1	7	44	9	56	20	145	1
0.438	1	15	44	9	64	20	145	1
0.439	1	10	44	10	98	20	145	0
0.439	1	2	44	10	100	20	145	0
0.439	1	12	44	10	71	20	145	1
0.439	1	9	44	10	77	20	145	1
0.44	1	11	45	1	1	20	145	0
0.44	1	3	45	1	10	20	145	0
0.44	1	14	45	1	80	20	145	1
0.44	1	5	45	1	86	20	145	1
0.441	1	6	45	2	22	20	145	0
0.441	1	4	45	2	33	20	145	0
0.441	1	8	45	2	91	20	145	1
0.441	1	13	45	2	95	20	145	1
0.442	1	1	45	3	45	20	145	0
0.442	1	7	45	3	56	20	145	0
0.442	1	10	45	3	98	20	145	1
0.442	1	2	45	3	100	20	145	1
0.443	1	15	45	4	64	20	145	0
0.443	1	12	45	4	71	20	145	0
0.443	1	11	45	4	1	20	145	1
0.443	1	3	45	4	10	20	145	1
0.444	1	9	45	5	77	20	145	0
0.444	1	14	45	5	80	20	145	0
0.444	1	6	45	5	22	20	145	1
0.444	1	4	45	5	33	20	145	1
0.445	1	5	45	6	86	20	145	0
0.445	1	8	45	6	91	20	145	0
0.445	1	1	45	6	45	20	145	1
0.445	1	7	45	6	56	20	145	1
0.446	1	13	45	7	95	20	145	0
0.446	1	10	45	7	98	20	145	0
0.446	1	15	45	7	64	20	145	1
0.446	1	12	45	7	71	20	145	1
0.447	1	2	45	8	100	20	145	0
0.447	1	11	45	8	1	20	145	0
0.447	1	9	45	8	77	20	145	1
0.447	1	14	45	8	80	20	145	1
0.448	1	3	45	9	10	20	145	0
0.448	1	6	45	9	22	20	145	0
0.448	1	5	45	9	86	20	145	1
0.448	1	8	45	9	91	20	145	1
0.449	1	4	45	10	33	20	145	0
0.449	1	1	45	10	45	20	145	0
0.449	1	13	45	10	95	20	145	1
0.449	1	10	45	10	98	20	145	1
0.45	1	7	46	1	56	20	145	0
0.45	1	15	46	1	64	20	145	0
0.45	1	2	46	1	100	20	145	1
0.45	1	11	46	1	1	20	145	1
0.451	1	12	46	2	71	20	145	0
0.451	1	9	46	2	77	20	145	0
0.451	1	3	46	2	10	20	145	1
0.451	1	6	46	2	22	20	145	1
0.452	1	14	46	3	80	20	145	0
0.452	1	5	46	3	86	20	145	0
0.452	1	4	46	3	33	20	145	1
0.452	1	1	46	3	45	20	145	1
0.453	1	8	46	4	91	20	145	0
0.453	1	13	46	4	95	20	145	0
0.453	1	7	46	4	56	20	145	1
0.453	1	15	46	4	64	20	145	1
0.454	1	10	46	5	98	20	145	0
0.454	1	2	46	5	100	20	145	0
0.454	1	12	46	5	71	20	145	1
0.454	1	9	46	5	77	20	145	1
0.455	1	11	46	6	1	20	145	0
0.455	1	3	46	6	10	20	145	0
0.455	1	14	46	6	80	20	145	1
0.455	1	5	46	6	86	20	145	1
0.456	1	6	46	7	22	20	145	0
0.456	1	4	46	7	33	20	145	0
0.456	1	8	46	7	91	20	145	1
0.456	1	13	46	7	95	20	145	1
0.457	1	1	46	8	45	20	145	0
0.457	1	7	46	8	56	20	145	0
0.457	1	10	46	8	98	20	145	1
0.457	1	2	46	8	100	20	145	1
0.458	1	15	46	9	64	20	145	0
0.458	1	12	46	9	71	20	145	0
0.458	1	11	46	9	1	20	145	1
0.458	1	3	46	9	10	20	145	1
0.459	1	9	46	10	77	20	145	0
0.459	1	14	46	10	80	20	145	0
0.459	1	6	46	10	22	20	145	1
0.459	1	4	46	10	33	20	145	1
0.46	1	5	47	1	86	20	145	0
0.46	1	8	47	1	91	20	145	0
0.46	1	1	47	1	45	20	145	1
0.46	1	7	47	1	56	20	145	1
0.461	1	13	47	2	95	20	145	0
0.461	1	10	47	2	98	20	145	0
0.461	1	15	47	2	64	20	145	1
0.461	1	12	47	2	71	20	145	1
0.462	1	2	47	3	100	20	145	0
0.462	1	11	47	3	1	20	145	0
0.462	1	9	47	3	77	20	145	1
0.462	1	14	47	3	80	20	145	1
0.463	1	3	47	4	10	20	145	0
0.463	1	6	47	4	22	20	145	0
0.463	1	5	47	4	86	20	145	1
0.463	1	8	47	4	91	20	145	1
0.464	1	4	47	5	33	20	145	0
0.464	1	1	47	5	45	20	145	0
0.464	1	13	47	5	95	20	145	1
0.464	1	10	47	5	98	20	145	1
0.465	1	7	47	6	56	20	145	0
0.465	1	15	47	6	64	20	145	0
0.465	1	2	47	6	100	20	145	1
0.465	1	11	47	6	1	20	145	1
0.466	1	12	47	7	71	20	145	0
0.466	1	9	47	7	77	20	145	0
0.466	1	3	47	7	10	20	145	1
0.466	1	6	47	7	22	20	145	1
0.467	1	14	47	8	80	20	145	0
0.467	1	5	47	8	86	20	145	0
0.467	1	4	47	8	33	20	145	1
0.467	1	1	47	8	45	20	145	1
0.468	1	8	47	9	91	20	145	0
0.468	1	13	47	9	95	20	145	0
0.468	1	7	47	9	56	20	145	1
0.468	1	15	47	9	64	20	145	1
0.469	1	10	47	10	98	20	145	0
0.469	1	2	47	10	100	20	145	0
0.469	1	12	47	10	71	20	145	1
0.469	1	9	47	10	77	20	145	1
0.47	1	11	48	1	1	20	145	0
0.47	1	3	48	1	10	20	145	0
0.47	1	14	48	1	80	20	145	1
0.47	1	5	48	1	86	20	145	1
0.471	1	6	48	2	22	20	145	0
0.471	1	4	48	2	33	20	145	0
0.471	1	8	48	2	91	20	145	1
0.471	1	13	48	2	95	20	145	1
0.472	1	1	48	3	45	20	145	0
0.472	1	7	48	3	56	20	145	0
0.472	1	10	48	3	98	20	145	1
0.472	1	2	48	3	100	20	145	1
0.473	1	15	48	4	64	20	145	0
0.473	1	12	48	4	71	20	145	0
0.473	1	11	48	4	1	20	145	1
0.473	1	3	48	4	10	20	145	1
0.474	1	9	48	5	77	20	145	0
0.474	1	14	48	5	80	20	145	0
0.474	1	6	48	5	22	20	145	1
0.474	1	4	48	5	33	20	145	1
0.475	1	5	48	6	86	20	145	0
0.475	1	8	48	6	91	20	145	0
0.475	1	1	48	6	45	20	145	1
0.475	1	7	48	6	56	20	145	1
0.476	1	13	48	7	95	20	145	0
0.476	1	10	48	7	98	20	145	0
0.476	1	15	48	7	64	20	145	1
0.476	1	12	48	7	71	20	145	1
0.477	1	2	48	8	100	20	145	0
0.477	1	11	48	8	1	20	145	0
0.477	1	9	48	8	77	20	145	1
0.477	1	14	48	8	80	20	145	1
0.478	1	3	48	9	10	20	145	0
0.478	1	6	48	9	22	20	145	0
0.478	1	5	48	9	86	20	145	1
0.478	1	8	48	9	91	20	145	1
0.479	1	4	48	10	33	20	145	0
0.479	1	1	48	10	45	20	145	0
0.479	1	13	48	10	95	20	145	1
0.479	1	10	48	10	98	20	145	1
0.48	1	7	49	1	56	20	145	0
0.48	1	15	49	1	64	20	145	0
0.48	1	2	49	1	100	20	145	1
0.48	1	11	49	1	1	20	145	1
0.481	1	12	49	2	71	20	145	0
0.481	1	9	49	2	77	20	145	0
0.481	1	3	49	2	10	20	145	1
0.481	1	6	49	2	22	20	145	1
0.482	1	14	49	3	80	20	145	0
0.482	1	5	49	3	86	20	145	0
0.482	1	4	49	3	33	20	145	1
0.482	1	1	49	3	45	20	145	1
0.483	1	8	49	4	91	20	145	0
0.483	1	13	49	4	95	20	145	0
0.483	1	7	49	4	56	20	145	1
0.483	1	15	49	4	64	20	145	1
0.484	1	10	49	5	98	20	145	0
0.484	1	2	49	5	100	20	145	0
0.484	1	12	49	5	71	20	145	1
0.484	1	9	49	5	77	20	145	1
0.485	1	11	49	6	1	20	145	0
0.485	1	3	49	6	10	20	145	0
0.485	1	14	49	6	80	20	145	1
0.485	1	5	49	6	86	20	145	1
0.486	1	6	49	7	22	20	145	0
0.486	1	4	49	7	33	20	145	0
0.486	1	8	49	7	91	20	145	1
0.486	1	13	49	7	95	20	145	1
0.487	1	1	49	8	45	20	145	0
0.487	1	7	49	8	56	20	145	0
0.487	1	10	49	8	98	20	145	1
0.487	1	2	49	8	100	20	145	1
0.488	1	15	49	9	64	20	145	0
0.488	1	12	49	9	71	20	145	0
0.488	1	11	49	9	1	20	145	1
0.488	1	3	49	9	10	20	145	1
0.489	1	9	49	10	77	20	145	0
0.489	1	14	49	10	80	20	145	0
0.489	1	6	49	10	22	20	145	1
0.489	1	4	49	10	33	20	145	1
0.49	1	5	50	1	86	20	145	0
0.49	1	8	50	1	91	20	145	0
0.49	1	1	50	1	45	20	145	1
0.49	1	7	50	1	56	20	145	1
0.491	1	13	50	2	95	20	145	0
0.491	1	10	50	2	98	20	145	0
0.491	1	15	50	2	64	20	145	1
0.491	1	12	50	2	71	20	145	1
0.492	1	2	50	3	100	20	145	0
0.492	1	11	50	3	1	20	145	0
0.492	1	9	50	3	77	20	145	1
0.492	1	14	50	3	80	20	145	1
0.493	1	3	50	4	10	20	145	0
0.493	1	6	50	4	22	20	145	0
0.493	1	5	50	4	86	20	145	1
0.493	1	8	50	4	91	20	145	1
0.494	1	4	50	5	33	20	145	0
0.494	1	1	50	5	45	20	145	0
0.494	1	13	50	5	95	20	145	1
0.494	1	10	50	5	98	20	145	1
0.495	1	7	50	6	56	20	145	0
0.495	1	15	50	6	64	20	145	0
0.495	1	2	50	6	100	20	145	1
0.495	1	11	50	6	1	20	145	1
0.496	1	12	50	7	71	20	145	0
0.496	1	9	50	7	77	20	145	0
0.496	1	3	50	7	10	20	145	1
0.496	1	6	50	7	22	20	145	1
0.497	1	14	50	8	80	20	145	0
0.497	1	5	50	8	86	20	145	0
0.497	1	4	50	8	33	20	145	1
0.497	1	1	50	8	45	20	145	1
0.498	1	8	50	9	91	20	145	0
0.498	1	13	50	9	95	20	145	0
0.498	1	7	50	9	56	20	145	1
0.498	1	15	50	9	64	20	145	1
0.499	1	10	50	10	98	20	145	0
0.499	1	2	50	10	100	20	145	0
0.499	1	12	50	10	71	20	145	1
0.499	1	9	50	10	77	20	145	1
0.5	1	11	51	1	1	20	145	0
0.5	1	3	51	1	10	20	145	0
0.5	1	14	51	1	80	20	145	1
0.5	1	5	51	1	86	20	145	1
0.501	1	6	51	2	22	20	145	0
0.501	1	4	51	2	33	20	145	0
0.501	1	8	51	2	91	20	145	1
0.501	1	13	51	2	95	20	145	1
0.502	1	1	51	3	45	20	145	0
0.502	1	7	51	3	56	20	145	0
0.502	1	10	51	3	98	20	145	1
0.502	1	2	51	3	100	20	145	1
0.503	1	15	51	4	64	20	145	0
0.503	1	12	51	4	71	20	145	0
0.503	1	11	51	4	1	20	145	1
0.503	1	3	51	4	10	20	145	1
0.504	1	9	51	5	77	20	145	0
0.504	1	14	51	5	80	20	145	0
0.504	1	6	51	5	22	20	145	1
0.504	1	4	51	5	33	20	145	1
0.505	1	5	51	6	86	20	145	0
0.505	1	8	51	6	91	20	145	0
0.505	1	1	51	6	45	20	145	1
0.505	1	7	51	6	56	20	145	1
0.506	1	13	51	7	95	20	145	0
0.506	1	10	51	7	98	20	145	0
0.506	1	15	51	7	64	20	145	1
0.506	1	12	51	7	71	20	145	1
0.507	1	2	51	8	100	20	145	0
0.507	1	11	51	8	1	20	145	0
0.507	1	9	51	8	77	20	145	1
0.507	1	14	51	8	80	20	145	1
0.508	1	3	51	9	10	20	145	0
0.508	1	6	51	9	22	20	145	0
0.508	1	5	51	9	86	20	145	1
0.508	1	8	51	9	91	20	145	1
0.509	1	4	51	10	33	20	145	0
0.509	1	1	51	10	45	20	145	0
0.509	1	13	51	10	95	20	145	1
0.509	1	10	51	10	98	20	145	1
0.51	1	7	52	1	56	20	145	0
0.51	1	15	52	1	64	20	145	0
0.51	1	2	52	1	100	20	145	1
0.51	1	11	52	1	1	20	145	1
0.511	1	12	52	2	71	20	145	0
0.511	1	9	52	2	77	20	145	0
0.511	1	3	52	2	10	20	145	1
0.511	1	6	52	2	22	20	145	1
0.512	1	14	52	3	80	20	145	0
0.512	1	5	52	3	86	20	145	0
0.512	1	4	52	3	33	20	145	1
0.512	1	1	52	3	45	20	145	1
0.513	1	8	52	4	91	20	145	0
0.513	1	13	52	4	95	20	145	0
0.513	1	7	52	4	56	20	145	1
0.513	1	15	52	4	64	20	145	1
0.514	1	10	52	5	98	20	145	0
0.514	1	2	52	5	100	20	145	0
0.514	1	12	52	5	71	20	145	1
0.514	1	9	52	5	77	20	145	1
0.515	1	11	52	6	1	20	145	0
0.515	1	3	52	6	10	20	145	0
0.515	1	14	52	6	80	20	145	1
0.515	1	5	52	6	86	20	145	1
0.516	1	6	52	7	22	20	145	0
0.516	1	4	52	7	33	20	145	0
0.516	1	8	52	7	91	20	145	1
0.516	1	13	52	7	95	20	145	1
0.517	1	1	52	8	45	20	145	0
0.517	1	7	52	8	56	20	145	0
0.517	1	10	52	8	98	20	145	1
0.517	1	2	52	8	100	20	145	1
0.518	1	15	52	9	64	20	145	0
0.518	1	12	52	9	71	20	145	0
0.518	1	11	52	9	1	20	145	1
0.518	1	3	52	9	10	20	145	1
0.519	1	9	52	10	77	20	145	0
0.519	1	14	52	10	80	20	145	0
0.519	1	6	52	10	22	20	145	1
0.519	1	4	52	10	33	20	145	1
0.52	1	5	53	1	86	20	145	0
0.52	1	8	53	1	91	20	145	0
0.52	1	1	53	1	45	20	145	1
0.52	1	7	53	1	56	20	145	1
0.521	1	13	53	2	95	20	145	0
0.521	1	10	53	2	98	20	145	0
0.521	1	15	53	2	64	20	145	1
0.521	1	12	53	2	71	20	145	1
0.522	1	2	53	3	100	20	145	0
0.522	1	11	53	3	1	20	145	0
0.522	1	9	53	3	77	20	145	1
0.522	1	14	53	3	80	20	145	1
0.523	1	3	53	4	10	20	145	0
0.523	1	6	53	4	22	20	145	0
0.523	1	5	53	4	86	20	145	1
0.523	1	8	53	4	91	20	145	1
0.524	1	4	53	5	33	20	145	0
0.524	1	1	53	5	45	20	145	0
0.524	1	13	53	5	95	20	145	1
0.524	1	10	53	5	98	20	145	1
0.525	1	7	53	6	56	20	145	0
0.525	1	15	53	6	64	20	145	0
0.525	1	2	53	6	100	20	145	1
0.525	1	11	53	6	1	20	145	1
0.526	1	12	53	7	71	20	145	0
0.526	1	9	53	7	77	20	145	0
0.526	1	3	53	7	10	20	145	1
0.526	1	6	53	7	22	20	145	1
0.527	1	14	53	8	80	20	145	0
0.527	1	5	53	8	86	20	145	0
0.527	1	4	53	8	33	20	145	1
0.527	1	1	53	8	45	20	145	1
0.528	1	8	53	9	91	20	145	0
0.528	1	13	53	9	95	20	145	0
0.528	1	7	53	9	56	20	145	1
0.528	1	15	53	9	64	20	145	1
0.529	1	10	53	10	98	20	145	0
0.529	1	2	53	10	100	20	145	0
0.529	1	12	53	10	71	20	145	1
0.529	1	9	53	10	77	20	145	1
0.53	1	11	54	1	1	20	145	0
0.53	1	3	54	1	10	20	145	0
0.53	1	14	54	1	80	20	145	1
0.53	1	5	54	1	86	20	145	1
0.531	1	6	54	2	22	20	145	0
0.531	1	4	54	2	33	20	145	0
0.531	1	8	54	2	91	20	145	1
0.531	1	13	54	2	95	20	145	1
0.532	1	1	54	3	45	20	145	0
0.532	1	7	54	3	56	20	145	0
0.532	1	10	54	3	98	20	145	1
0.532	1	2	54	3	100	20	145	1
0.533	1	15	54	4	64	20	145	0
0.533	1	12	54	4	71	20	145	0
0.533	1	11	54	4	1	20	145	1
0.533	1	3	54	4	10	20	145	1
0.534	1	9	54	5	77	20	145	0
0.534	1	14	54	5	80	20	145	0
0.534	1	6	54	5	22	20	145	1
0.534	1	4	54	5	33	20	145	1
0.535	1	5	54	6	86	20	145	0
0.535	1	8	54	6	91	20	145	0
0.535	1	1	54	6	45	20	145	1
0.535	1	7	54	6	56	20	145	1
0.536	1	13	54	7	95	20	145	0
0.536	1	10	54	7	98	20	145	0
0.536	1	15	54	7	64	20	145	1
0.536	1	12	54	7	71	20	145	1
0.537	1	2	54	8	100	20	145	0
0.537	1	11	54	8	1	20	145	0
0.537	1	9	54	8	77	20	145	1
0.537	1	14	54	8	80	20	145	1
0.538	1	3	54	9	10	20	145	0
0.538	1	6	54	9	22	20	145	0
0.538	1	5	54	9	86	20	145	1
0.538	1	8	54	9	91	20	145	1
0.539	1	4	54	10	33	20	145	0
0.539	1	1	54	10	45	20	145	0
0.539	1	13	54	10	95	20	145	1
0.539	1	10	54	10	98	20	145	1
0.54	1	7	55	1	56	20	145	0
0.54	1	15	55	1	64	20	145	0
0.54	1	2	55	1	100	20	145	1
0.54	1	11	55	1	1	20	145	1
0.541	1	12	55	2	71	20	145	0
0.541	1	9	55	2	77	20	145	0
0.541	1	3	55	2	10	20	145	1
0.541	1	6	55	2	22	20	145	1
0.542	1	14	55	3	80	20	145	0
0.542	1	5	55	3	86	20	145	0
0.542	1	4	55	3	33	20	145	1
0.542	1	1	55	3	45	20	145	1
0.543	1	8	55	4	91	20	145	0
0.543	1	13	55	4	95	20	145	0
0.543	1	7	55	4	56	20	145	1
0.543	1	15	55	4	64	20	145	1
0.544	1	10	55	5	98	20	145	0
0.544	1	2	55	5	100	20	145	0
0.544	1	12	55	5	71	20	145	1
0.544	1	9	55	5	77	20	145	1
0.545	1	11	55	6	1	20	145	0
0.545	1	3	55	6	10	20	145	0
0.545	1	14	55	6	80	20	145	1
0.545	1	5	55	6	86	20	145	1
0.546	1	6	55	7	22	20	145	0
0.546	1	4	55	7	33	20	145	0
0.546	1	8	55	7	91	20	145	1
0.546	1	13	55	7	95	20	145	1
0.547	1	1	55	8	45	20	145	0
0.547	1	7	55	8	56	20	145	0
0.547	1	10	55	8	98	20	145	1
0.547	1	2	55	8	100	20	145	1
0.548	1	15	55	9	64	20	145	0
0.548	1	12	55	9	71	20	145	0
0.548	1	11	55	9	1	20	145	1
0.548	1	3	55	9	10	20	145	1
0.549	1	9	55	10	77	20	145	0
0.549	1	14	55	10	80	20	145	0
0.549	1	6	55	10	22	20	145	1
0.549	1	4	55	10	33	20	145	1
0.55	1	5	56	1	86	20	145	0
0.55	1	8	56	1	91	20	145	0
0.55	1	1	56	1	45	20	145	1
0.55	1	7	56	1	56	20	145	1
0.551	1	13	56	2	95	20	145	0
0.551	1	10	56	2	98	20	145	0
0.551	1	15	56	2	64	20	145	1
0.551	1	12	56	2	71	20	145	1
0.552	1	2	56	3	100	20	145	0
0.552	1	11	56	3	1	20	145	0
0.552	1	9	56	3	77	20	145	1
0.552	1	14	56	3	80	20	145	1
0.553	1	3	56	4	10	20	145	0
0.553	1	6	56	4	22	20	145	0
0.553	1	5	56	4	86	20	145	1
0.553	1	8	56	4	91	20	145	1
0.554	1	4	56	5	33	20	145	0
0.554	1	1	56	5	45	20	145	0
0.554	1	13	56	5	95	20	145	1
0.554	1	10	56	5	98	20	145	1
0.555	1	7	56	6	56	20	145	0
0.555	1	15	56	6	64	20	145	0
0.555	1	2	56	6	100	20	145	1
0.555	1	11	56	6	1	20	145	1
0.556	1	12	56	7	71	20	145	0
0.556	1	9	56	7	77	20	145	0
0.556	1	3	56	7	10	20	145	1
0.556	1	6	56	7	22	20	145	1
0.557	1	14	56	8	80	20	145	0
0.557	1	5	56	8	86	20	145	0
0.557	1	4	56	8	33	20	145	1
0.557	1	1	56	8	45	20	145	1
0.558	1	8	56	9	91	20	145	0
0.558	1	13	56	9	95	20	145	0
0.558	1	7	56	9	56	20	145	1
0.558	1	15	56	9	64	20	145	1
0.559	1	10	56	10	98	20	145	0
0.559	1	2	56	10	100	20	145	0
0.559	1	12	56	10	71	20	145	1
0.559	1	9	56	10	77	20	145	1
0.56	1	11	57	1	1	20	145	0
0.56	1	3	57	1	10	20	145	0
0.56	1	14	57	1	80	20	145	1
0.56	1	5	57	1	86	20	145	1
0.561	1	6	57	2	22	20	145	0
0.561	1	4	57	2	33	20	145	0
0.561	1	8	57	2	91	20	145	1
0.561	1	13	57	2	95	20	145	1
0.562	1	1	57	3	45	20	145	0
0.562	1	7	57	3	56	20	145	0
0.562	1	10	57	3	98	20	145	1
0.562	1	2	57	3	100	20	145	1
0.563	1	15	57	4	64	20	145	0
0.563	1	12	57	4	71	20	145	0
0.563	1	11	57	4	1	20	145	1
0.563	1	3	57	4	10	20	145	1
0.564	1	9	57	5	77	20	145	0
0.564	1	14	57	5	80	20	145	0
0.564	1	6	57	5	22	20	145	1
0.564	1	4	57	5	33	20	145	1
0.565	1	5	57	6	86	20	145	0
0.565	1	8	57	6	91	20	145	0
0.565	1	1	57	6	45	20	145	1
0.565	1	7	57	6	56	20	145	1
0.566	1	13	57	7	95	20	145	0
0.566	1	10	57	7	98	20	145	0
0.566	1	15	57	7	64	20	145	1
0.566	1	12	57	7	71	20	145	1
0.567	1	2	57	8	100	20	145	0
0.567	1	11	57	8	1	20	145	0
0.567	1	9	57	8	77	20	145	1
0.567	1	14	57	8	80	20	145	1
0.568	1	3	57	9	10	20	145	0
0.568	1	6	57	9	22	20	145	0
0.568	1	5	57	9	86	20	145	1
0.568	1	8	57	9	91	20	145	1
0.569	1	4	57	10	33	20	145	0
0.569	1	1	57	10	45	20	145	0
0.569	1	13	57	10	95	20	145	1
0.569	1	10	57	10	98	20	145	1
0.57	1	7	58	1	56	20	145	0
0.57	1	15	58	1	64	20	145	0
0.57	1	2	58	1	100	20	145	1
0.57	1	11	58	1	1	20	145	1
0.571	1	12	58	2	71	20	145	0
0.571	1	9	58	2	77	20	145	0
0.571	1	3	58	2	10	20	145	1
0.571	1	6	58	2	22	20	145	1
0.572	1	14	58	3	80	20	145	0
0.572	1	5	58	3	86	20	145	0
0.572	1	4	58	3	33	20	145	1
0.572	1	1	58	3	45	20	145	1
0.573	1	8	58	4	91	20	145	0
0.573	1	13	58	4	95	20	145	0
0.573	1	7	58	4	56	20	145	1
0.573	1	15	58	4	64	20	145	1
0.574	1	10	58	5	98	20	145	0
0.574	1	2	58	5	100	20	145	0
0.574	1	12	58	5	71	20	145	1
0.574	1	9	58	5	77	20	145	1
0.575	1	11	58	6	1	20	145	0
0.575	1	3	58	6	10	20	145	0
0.575	1	14	58	6	80	20	145	1
0.575	1	5	58	6	86	20	145	1
0.576	1	6	58	7	22	20	145	0
0.576	1	4	58	7	33	20	145	0
0.576	1	8	58	7	91	20	145	1
0.576	1	13	58	7	95	20	145	1
0.577	1	1	58	8	45	20	145	0
0.577	1	7	58	8	56	20	145	0
0.577	1	10	58	8	98	20	145	1
0.577	1	2	58	8	100	20	145	1
0.578	1	15	58	9	64	20	145	0
0.578	1	12	58	9	71	20	145	0
0.578	1	11	58	9	1	20	145	1
0.578	1	3	58	9	10	20	145	1
0.579	1	9	58	10	77	20	145	0
0.579	1	14	58	10	80	20	145	0
0.579	1	6	58	10	22	20	145	1
0.579	1	4	58	10	33	20	145	1
0.58	1	5	59	1	86	20	145	0
0.58	1	8	59	1	91	20	145	0
0.58	1	1	59	1	45	20	145	1
0.58	1	7	59	1	56	20	145	1
0.581	1	13	59	2	95	20	145	0
0.581	1	10	59	2	98	20	145	0
0.581	1	15	59	2	64	20	145	1
0.581	1	12	59	2	71	20	145	1
0.582	1	2	59	3	100	20	145	0
0.582	1	11	59	3	1	20	145	0
0.582	1	9	59	3	77	20	145	1
0.582	1	14	59	3	80	20	145	1
0.583	1	3	59	4	10	20	145	0
0.583	1	6	59	4	22	20	145	0
0.583	1	5	59	4	86	20	145	1
0.583	1	8	59	4	91	20	145	1
0.584	1	4	59	5	33	20	145	0
0.584	1	1	59	5	45	20	145	0
0.584	1	13	59	5	95	20	145	1
0.584	1	10	59	5	98	20	145	1
0.585	1	7	59	6	56	20	145	0
0.585	1	15	59	6	64	20	145	0
0.585	1	2	59	6	100	20	145	1
0.585	1	11	59	6	1	20	145	1
0.586	1	12	59	7	71	20	145	0
0.586	1	9	59	7	77	20	145	0
0.586	1	3	59	7	10	20	145	1
0.586	1	6	59	7	22	20	145	1
0.587	1	14	59	8	80	20	145	0
0.587	1	5	59	8	86	20	145	0
0.587	1	4	59	8	33	20	145	1
0.587	1	1	59	8	45	20	145	1
0.588	1	8	59	9	91	20	145	0
0.588	1	13	59	9	95	20	145	0
0.588	1	7	59	9	56	20	145	1
0.588	1	15	59	9	64	20	145	1
0.589	1	10	59	10	98	20	145	0
0.589	1	2	59	10	100	20	145	0
0.589	1	12	59	10	71	20	145	1
0.589	1	9	59	10	77	20	145	1
0.59	1	11	60	1	1	20	145	0
0.59	1	3	60	1	10	20	145	0
0.59	1	14	60	1	80	20	145	1
0.59	1	5	60	1	86	20	145	1
0.591	1	6	60	2	22	20	145	0
0.591	1	4	60	2	33	20	145	0
0.591	1	8	60	2	91	20	145	1
0.591	1	13	60	2	95	20	145	1
0.592	1	1	60	3	45	20	145	0
0.592	1	7	60	3	56	20	145	0
0.592	1	10	60	3	98	20	145	1
0.592	1	2	60	3	100	20	145	1
0.593	1	15	60	4	64	20	145	0
0.593	1	12	60	4	71	20	145	0
0.593	1	11	60	4	1	20	145	1
0.593	1	3	60	4	10	20	145	1
0.594	1	9	60	5	77	20	145	0
0.594	1	14	60	5	80	20	145	0
0.594	1	6	60	5	22	20	145	1
0.594	1	4	60	5	33	20	145	1
0.595	1	5	60	6	86	20	145	0
0.595	1	8	60	6	91	20	145	0
0.595	1	1	60	6	45	20	145	1
0.595	1	7	60	6	56	20	145	1
0.596	1	13	60	7	95	20	145	0
0.596	1	10	60	7	98	20	145	0
0.596	1	15	60	7	64	20	145	1
0.596	1	12	60	7	71	20	145	1
0.597	1	2	60	8	100	20	145	0
0.597	1	11	60	8	1	20	145	0
0.597	1	9	60	8	77	20	145	1
0.597	1	14	60	8	80	20	145	1
0.598	1	3	60	9	10	20	145	0
0.598	1	6	60	9	22	20	145	0
0.598	1	5	60	9	86	20	145	1
0.598	1	8	60	9	91	20	145	1
0.599	1	4	60	10	33	20	145	0
0.599	1	1	60	10	45	20	145	0
0.599	1	13	60	10	95	20	145	1
0.599	1	10	60	10	98	20	145	1
0.6	1	7	61	1	56	20	145	0
0.6	1	15	61	1	64	20	145	0
0.6	1	2	61	1	100	20	145	1
0.6	1	11	61	1	1	20	145	1
0.601	1	12	61	2	71	20	145	0
0.601	1	9	61	2	77	20	145	0
0.601	1	3	61	2	10	20	145	1
0.601	1	6	61	2	22	20	145	1
0.602	1	14	61	3	80	20	145	0
0.602	1	5	61	3	86	20	145	0
0.602	1	4	61	3	33	20	145	1
0.602	1	1	61	3	45	20	145	1
0.603	1	8	61	4	91	20	145	0
0.603	1	13	61	4	95	20	145	0
0.603	1	7	61	4	56	20	145	1
0.603	1	15	61	4	64	20	145	1
0.604	1	10	61	5	98	20	145	0
0.604	1	2	61	5	100	20	145	0
0.604	1	12	61	5	71	20	145	1
0.604	1	9	61	5	77	20	145	1
0.605	1	11	61	6	1	20	145	0
0.605	1	3	61	6	10	20	145	0
0.605	1	14	61	6	80	20	145	1
0.605	1	5	61	6	86	20	145	1
0.606	1	6	61	7	22	20	145	0
0.606	1	4	61	7	33	20	145	0
0.606	1	8	61	7	91	20	145	1
0.606	1	13	61	7	95	20	145	1
0.607	1	1	61	8	45	20	145	0
0.607	1	7	61	8	56	20	145	0
0.607	1	10	61	8	98	20	145	1
0.607	1	2	61	8	100	20	145	1
0.608	1	15	61	9	64	20	145	0
0.608	1	12	61	9	71	20	145	0
0.608	1	11	61	9	1	20	145	1
0.608	1	3	61	9	10	20	145	1
0.609	1	9	61	10	77	20	145	0
0.609	1	14	61	10	80	20	145	0
0.609	1	6	61	10	22	20	145	1
0.609	1	4	61	10	33	20	145	1
0.61	1	5	62	1	86	20	145	0
0.61	1	8	62	1	91	20	145	0
0.61	1	1	62	1	45	20	145	1
0.61	1	7	62	1	56	20	145	1
0.611	1	13	62	2	95	20	145	0
0.611	1	10	62	2	98	20	145	0
0.611	1	15	62	2	64	20	145	1
0.611	1	12	62	2	71	20	145	1
0.612	1	2	62	3	100	20	145	0
0.612	1	11	62	3	1	20	145	0
0.612	1	9	62	3	77	20	145	1
0.612	1	14	62	3	80	20	145	1
0.613	1	3	62	4	10	20	145	0
0.613	1	6	62	4	22	20	145	0
0.613	1	5	62	4	86	20	145	1
0.613	1	8	62	4	91	20	145	1
0.614	1	4	62	5	33	20	145	0
0.614	1	1	62	5	45	20	145	0
0.614	1	13	62	5	95	20	145	1
0.614	1	10	62	5	98	20	145	1
0.615	1	7	62	6	56	20	145	0
0.615	1	15	62	6	64	20	145	0
0.615	1	2	62	6	100	20	145	1
0.615	1	11	62	6	1	20	145	1
0.616	1	12	62	7	71	20	145	0
0.616	1	9	62	7	77	20	145	0
0.616	1	3	62	7	10	20	145	1
0.616	1	6	62	7	22	20	145	1
0.617	1	14	62	8	80	20	145	0
0.617	1	5	62	8	86	20	145	0
0.617	1	4	62	8	33	20	145	1
0.617	1	1	62	8	45	20	145	1
0.618	1	8	62	9	91	20	145	0
0.618	1	13	62	9	95	20	145	0
0.618	1	7	62	9	56	20	145	1
0.618	1	15	62	9	64	20	145	1
0.619	1	10	62	10	98	20	145	0
0.619	1	2	62	10	100	20	145	0
0.619	1	12	62	10	71	20	145	1
0.619	1	9	62	10	77	20	145	1
0.62	1	11	63	1	1	20	145	0
0.62	1	3	63	1	10	20	145	0
0.62	1	14	63	1	80	20	145	1
0.62	1	5	63	1	86	20	145	1
0.621	1	6	63	2	22	20	145	0
0.621	1	4	63	2	33	20	145	0
0.621	1	8	63	2	91	20	145	1
0.621	1	13	63	2	95	20	145	1
0.622	1	1	63	3	45	20	145	0
0.622	1	7	63	3	56	20	145	0
0.622	1	10	63	3	98	20	145	1
0.622	1	2	63	3	100	20	145	1
0.623	1	15	63	4	64	20	145	0
0.623	1	12	63	4	71	20	145	0
0.623	1	11	63	4	1	20	145	1
0.623	1	3	63	4	10	20	145	1
0.624	1	9	63	5	77	20	145	0
0.624	1	14	63	5	80	20	145	0
0.624	1	6	63	5	22	20	145	1
0.624	1	4	63	5	33	20	145	1
0.625	1	5	63	6	86	20	145	0
0.625	1	8	63	6	91	20	145	0
0.625	1	1	63	6	45	20	145	1
0.625	1	7	63	6	56	20	145	1
0.626	1	13	63	7	95	20	145	0
0.626	1	10	63	7	98	20	145	0
0.626	1	15	63	7	64	20	145	1
0.626	1	12	63	7	71	20	145	1
0.627	1	2	63	8	100	20	145	0
0.627	1	11	63	8	1	20	145	0
0.627	1	9	63	8	77	20	145	1
0.627	1	14	63	8	80	20	145	1
0.628	1	3	63	9	10	20	145	0
0.628	1	6	63	9	22	20	145	0
0.628	1	5	63	9	86	20	145	1
0.628	1	8	63	9	91	20	145	1
0.629	1	4	63	10	33	20	145	0
0.629	1	1	63	10	45	20	145	0
0.629	1	13	63	10	95	20	145	1
0.629	1	10	63	10	98	20	145	1
0.63	1	7	64	1	56	20	145	0
0.63	1	15	64	1	64	20	145	0
0.63	1	2	64	1	100	20	145	1
0.63	1	11	64	1	1	20	145	1
0.631	1	12	64	2	71	20	145	0
0.631	1	9	64	2	77	20	145	0
0.631	1	3	64	2	10	20	145	1
0.631	1	6	64	2	22	20	145	1
0.632	1	14	64	3	80	20	145	0
0.632	1	5	64	3	86	20	145	0
0.632	1	4	64	3	33	20	145	1
0.632	1	1	64	3	45	20	145	1
0.633	1	8	64	4	91	20	145	0
0.633	1	13	64	4	95	20	145	0
0.633	1	7	64	4	56	20	145	1
0.633	1	15	64	4	64	20	145	1
0.634	1	10	64	5	98	20	145	0
0.634	1	2	64	5	100	20	145	0
0.634	1	12	64	5	71	20	145	1
0.634	1	9	64	5	77	20	145	1
0.635	1	11	64	6	1	20	145	0
0.635	1	3	64	6	10	20	145	0
0.635	1	14	64	6	80	20	145	1
0.635	1	5	64	6	86	20	145	1
0.636	1	6	64	7	22	20	145	0
0.636	1	4	64	7	33	20	145	0
0.636	1	8	64	7	91	20	145	1
0.636	1	13	64	7	95	20	145	1
0.637	1	1	64	8	45	20	145	0
0.637	1	7	64	8	56	20	145	0
0.637	1	10	64	8	98	20	145	1
0.637	1	2	64	8	100	20	145	1
0.638	1	15	64	9	64	20	145	0
0.638	1	12	64	9	71	20	145	0
0.638	1	11	64	9	1	20	145	1
0.638	1	3	64	9	10	20	145	1
0.639	1	9	64	10	77	20	145	0
0.639	1	14	64	10	80	20	145	0
0.639	1	6	64	10	22	20	145	1
0.639	1	4	64	10	33	20	145	1
0.64	1	5	65	1	86	20	145	0
0.64	1	8	65	1	91	20	145	0
0.64	1	1	65	1	45	20	145	1
0.64	1	7	65	1	56	20	145	1
0.641	1	13	65	2	95	20	145	0
0.641	1	10	65	2	98	20	145	0
0.641	1	15	65	2	64	20	145	1
0.641	1	12	65	2	71	20	145	1
0.642	1	2	65	3	100	20	145	0
0.642	1	11	65	3	1	20	145	0
0.642	1	9	65	3	77	20	145	1
0.642	1	14	65	3	80	20	145	1
0.643	1	3	65	4	10	20	145	0
0.643	1	6	65	4	22	20	145	0
0.643	1	5	65	4	86	20	145	1
0.643	1	8	65	4	91	20	145	1
0.644	1	4	65	5	33	20	145	0
0.644	1	1	65	5	45	20	145	0
0.644	1	13	65	5	95	20	145	1
0.644	1	10	65	5	98	20	145	1
0.645	1	7	65	6	56	20	145	0
0.645	1	15	65	6	64	20	145	0
0.645	1	2	65	6	100	20	145	1
0.645	1	11	65	6	1	20	145	1
0.646	1	12	65	7	71	20	145	0
0.646	1	9	65	7	77	20	145	0
0.646	1	3	65	7	10	20	145	1
0.646	1	6	65	7	22	20	145	1
0.647	1	14	65	8	80	20	145	0
0.647	1	5	65	8	86	20	145	0
0.647	1	4	65	8	33	20	145	1
0.647	1	1	65	8	45	20	145	1
0.648	1	8	65	9	91	20	145	0
0.648	1	13	65	9	95	20	145	0
0.648	1	7	65	9	56	20	145	1
0.648	1	15	65	9	64	20	145	1
0.649	1	10	65	10	98	20	145	0
0.649	1	2	65	10	100	20	145	0
0.649	1	12	65	10	71	20	145	1
0.649	1	9	65	10	77	20	145	1
0.65	1	11	66	1	1	20	145	0
0.65	1	3	66	1	10	20	145	0
0.65	1	14	66	1	80	20	145	1
0.65	1	5	66	1	86	20	145	1
0.651	1	6	66	2	22	20	145	0
0.651	1	4	66	2	33	20	145	0
0.651	1	8	66	2	91	20	145	1
0.651	1	13	66	2	95	20	145	1
0.652	1	1	66	3	45	20	145	0
0.652	1	7	66	3	56	20	145	0
0.652	1	10	66	3	98	20	145	1
0.652	1	2	66	3	100	20	145	1
0.653	1	15	66	4	64	20	145	0
0.653	1	12	66	4	71	20	145	0
0.653	1	11	66	4	1	20	145	1
0.653	1	3	66	4	10	20	145	1
0.654	1	9	66	5	77	20	145	0
0.654	1	14	66	5	80	20	145	0
0.654	1	6	66	5	22	20	145	1
0.654	1	4	66	5	33	20	145	1
0.655	1	5	66	6	86	20	145	0
0.655	1	8	66	6	91	20	145	0
0.655	1	1	66	6	45	20	145	1
0.655	1	7	66	6	56	20	145	1
0.656	1	13	66	7	95	20	145	0
0.656	1	10	66	7	98	20	145	0
0.656	1	15	66	7	64	20	145	1
0.656	1	12	66	7	71	20	145	1
0.657	1	2	66	8	100	20	145	0
0.657	1	11	66	8	1	20	145	0
0.657	1	9	66	8	77	20	145	1
0.657	1	14	66	8	80	20	145	1
0.658	1	3	66	9	10	20	145	0
0.658	1	6	66	9	22	20	145	0
0.658	1	5	66	9	86	20	145	1
0.658	1	8	66	9	91	20	145	1
0.659	1	4	66	10	33	20	145	0
0.659	1	1	66	10	45	20	145	0
0.659	1	13	66	10	95	20	145	1
0.659	1	10	66	10	98	20	145	1
0.66	1	7	67	1	56	20	145	0
0.66	1	15	67	1	64	20	145	0
0.66	1	2	67	1	100	20	145	1
0.66	1	11	67	1	1	20	145	1
0.661	1	12	67	2	71	20	145	0
0.661	1	9	67	2	77	20	145	0
0.661	1	3	67	2	10	20	145	1
0.661	1	6	67	2	22	20	145	1
0.662	1	14	67	3	80	20	145	0
0.662	1	5	67	3	86	20	145	0
0.662	1	4	67	3	33	20	145	1
0.662	1	1	67	3	45	20	145	1
0.663	1	8	67	4	91	20	145	0
0.663	1	13	67	4	95	20	145	0
0.663	1	7	67	4	56	20	145	1
0.663	1	15	67	4	64	20	145	1
0.664	1	10	67	5	98	20	145	0
0.664	1	2	67	5	100	20	145	0
0.664	1	12	67	5	71	20	145	1
0.664	1	9	67	5	77	20	145	1
0.665	1	11	67	6	1	20	145	0
0.665	1	3	67	6	10	20	145	0
0.665	1	14	67	6	80	20	145	1
0.665	1	5	67	6	86	20	145	1
0.666	1	6	67	7	22	20	145	0
0.666	1	4	67	7	33	20	145	0
0.666	1	8	67	7	91	20	145	1
0.666	1	13	67	7	95	20	145	1
0.667	1	1	67	8	45	20	145	0
0.667	1	7	67	8	56	20	145	0
0.667	1	10	67	8	98	20	145	1
0.667	1	2	67	8	100	20	145	1
0.668	1	15	67	9	64	20	145	0
0.668	1	12	67	9	71	20	145	0
0.668	1	11	67	9	1	20	145	1
0.668	1	3	67	9	10	20	145	1
0.669	1	9	67	10	77	20	145	0
0.669	1	14	67	10	80	20	145	0
0.669	1	6	67	10	22	20	145	1
0.669	1	4	67	10	33	20	145	1
0.67	1	5	68	1	86	20	145	0
0.67	1	8	68	1	91	20	145	0
0.67	1	1	68	1	45	20	145	1
0.67	1	7	68	1	56	20	145	1
0.671	1	13	68	2	95	20	145	0
0.671	1	10	68	2	98	20	145	0
0.671	1	15	68	2	64	20	145	1
0.671	1	12	68	2	71	20	145	1
0.672	1	2	68	3	100	20	145	0
0.672	1	11	68	3	1	20	145	0
0.672	1	9	68	3	77	20	145	1
0.672	1	14	68	3	80	20	145	1
0.673	1	3	68	4	10	20	145	0
0.673	1	6	68	4	22	20	145	0
0.673	1	5	68	4	86	20	145	1
0.673	1	8	68	4	91	20	145	1
0.674	1	4	68	5	33	20	145	0
0.674	1	1	68	5	45	20	145	0
0.674	1	13	68	5	95	20	145	1
0.674	1	10	68	5	98	20	145	1
0.675	1	7	68	6	56	20	145	0
0.675	1	15	68	6	64	20	145	0
0.675	1	2	68	6	100	20	145	1
0.675	1	11	68	6	1	20	145	1
0.676	1	12	68	7	71	20	145	0
0.676	1	9	68	7	77	20	145	0
0.676	1	3	68	7	10	20	145	1
0.676	1	6	68	7	22	20	145	1
0.677	1	14	68	8	80	20	145	0
0.677	1	5	68	8	86	20	145	0
0.677	1	4	68	8	33	20	145	1
0.677	1	1	68	8	45	20	145	1
0.678	1	8	68	9	91	20	145	0
0.678	1	13	68	9	95	20	145	0
0.678	1	7	68	9	56	20	145	1
0.678	1	15	68	9	64	20	145	1
0.679	1	10	68	10	98	20	145	0
0.679	1	2	68	10	100	20	145	0
0.679	1	12	68	10	71	20	145	1
0.679	1	9	68	10	77	20	145	1
0.68	1	11	69	1	1	20	145	0
0.68	1	3	69	1	10	20	145	0
0.68	1	14	69	1	80	20	145	1
0.68	1	5	69	1	86	20	145	1
0.681	1	6	69	2	22	20	145	0
0.681	1	4	69	2	33	20	145	0
0.681	1	8	69	2	91	20	145	1
0.681	1	13	69	2	95	20	145	1
0.682	1	1	69	3	45	20	145	0
0.682	1	7	69	3	56	20	145	0
0.682	1	10	69	3	98	20	145	1
0.682	1	2	69	3	100	20	145	1
0.683	1	15	69	4	64	20	145	0
0.683	1	12	69	4	71	20	145	0
0.683	1	11	69	4	1	20	145	1
0.683	1	3	69	4	10	20	145	1
0.684	1	9	69	5	77	20	145	0
0.684	1	14	69	5	80	20	145	0
0.684	1	6	69	5	22	20	145	1
0.684	1	4	69	5	33	20	145	1
0.685	1	5	69	6	86	20	145	0
0.685	1	8	69	6	91	20	145	0
0.685	1	1	69	6	45	20	145	1
0.685	1	7	69	6	56	20	145	1
0.686	1	13	69	7	95	20	145	0
0.686	1	10	69	7	98	20	145	0
0.686	1	15	69	7	64	20	145	1
0.686	1	12	69	7	71	20	145	1
0.687	1	2	69	8	100	20	145	0
0.687	1	11	69	8	1	20	145	0
0.687	1	9	69	8	77	20	145	1
0.687	1	14	69	8	80	20	145	1
0.688	1	3	69	9	10	20	145	0
0.688	1	6	69	9	22	20	145	0
0.688	1	5	69	9	86	20	145	1
0.688	1	8	69	9	91	20	145	1
0.689	1	4	69	10	33	20	145	0
0.689	1	1	69	10	45	20	145	0
0.689	1	13	69	10	95	20	145	1
0.689	1	10	69	10	98	20	145	1
0.69	1	7	70	1	56	20	145	0
0.69	1	15	70	1	64	20	145	0
0.69	1	2	70	1	100	20	145	1
0.69	1	11	70	1	1	20	145	1
0.691	1	12	70	2	71	20	145	0
0.691	1	9	70	2	77	20	145	0
0.691	1	3	70	2	10	20	145	1
0.691	1	6	70	2	22	20	145	1
0.692	1	14	70	3	80	20	145	0
0.692	1	5	70	3	86	20	145	0
0.692	1	4	70	3	33	20	145	1
0.692	1	1	70	3	45	20	145	1
0.693	1	8	70	4	91	20	145	0
0.693	1	13	70	4	95	20	145	0
0.693	1	7	70	4	56	20	145	1
0.693	1	15	70	4	64	20	145	1
0.694	1	10	70	5	98	20	145	0
0.694	1	2	70	5	100	20	145	0
0.694	1	12	70	5	71	20	145	1
0.694	1	9	70	5	77	20	145	1
0.695	1	11	70	6	1	20	145	0
0.695	1	3	70	6	10	20	145	0
0.695	1	14	70	6	80	20	145	1
0.695	1	5	70	6	86	20	145	1
0.696	1	6	70	7	22	20	145	0
0.696	1	4	70	7	33	20	145	0
0.696	1	8	70	7	91	20	145	1
0.696	1	13	70	7	95	20	145	1
0.697	1	1	70	8	45	20	145	0
0.697	1	7	70	8	56	20	145	0
0.697	1	10	70	8	98	20	145	1
0.697	1	2	70	8	100	20	145	1
0.698	1	15	70	9	64	20	145	0
0.698	1	12	70	9	71	20	145	0
0.698	1	11	70	9	1	20	145	1
0.698	1	3	70	9	10	20	145	1
0.699	1	9	70	10	77	20	145	0
0.699	1	14	70	10	80	20	145	0
0.699	1	6	70	10	22	20	145	1
0.699	1	4	70	10	33	20	145	1
0.7	1	5	71	1	86	20	145	0
0.7	1	8	71	1	91	20	145	0
0.7	1	1	71	1	45	20	145	1
0.7	1	7	71	1	56	20	145	1
0.701	1	13	71	2	95	20	145	0
0.701	1	10	71	2	98	20	145	0
0.701	1	15	71	2	64	20	145	1
0.701	1	12	71	2	71	20	145	1
0.702	1	2	71	3	100	20	145	0
0.702	1	11	71	3	1	20	145	0
0.702	1	9	71	3	77	20	145	1
0.702	1	14	71	3	80	20	145	1
0.703	1	3	71	4	10	20	145	0
0.703	1	6	71	4	22	20	145	0
0.703	1	5	71	4	86	20	145	1
0.703	1	8	71	4	91	20	145	1
0.704	1	4	71	5	33	20	145	0
0.704	1	1	71	5	45	20	145	0
0.704	1	13	71	5	95	20	145	1
0.704	1	10	71	5	98	20	145	1
0.705	1	7	71	6	56	20	145	0
0.705	1	15	71	6	64	20	145	0
0.705	1	2	71	6	100	20	145	1
0.705	1	11	71	6	1	20	145	1
0.706	1	12	71	7	71	20	145	0
0.706	1	9	71	7	77	20	145	0
0.706	1	3	71	7	10	20	145	1
0.706	1	6	71	7	22	20	145	1
0.707	1	14	71	8	80	20	145	0
0.707	1	5	71	8	86	20	145	0
0.707	1	4	71	8	33	20	145	1
0.707	1	1	71	8	45	20	145	1
0.708	1	8	71	9	91	20	145	0
0.708	1	13	71	9	95	20	145	0
0.708	1	7	71	9	56	20	145	1
0.708	1	15	71	9	64	20	145	1
0.709	1	10	71	10	98	20	145	0
0.709	1	2	71	10	100	20	145	0
0.709	1	12	71	10	71	20	145	1
0.709	1	9	71	10	77	20	145	1
0.71	1	11	72	1	1	20	145	0
0.71	1	3	72	1	10	20	145	0
0.71	1	14	72	1	80	20	145	1
0.71	1	5	72	1	86	20	145	1
0.711	1	6	72	2	22	20	145	0
0.711	1	4	72	2	33	20	145	0
0.711	1	8	72	2	91	20	145	1
0.711	1	13	72	2	95	20	145	1
0.712	1	1	72	3	45	20	145	0
0.712	1	7	72	3	56	20	145	0
0.712	1	10	72	3	98	20	145	1
0.712	1	2	72	3	100	20	145	1
0.713	1	15	72	4	64	20	145	0
0.713	1	12	72	4	71	20	145	0
0.713	1	11	72	4	1	20	145	1
0.713	1	3	72	4	10	20	145	1
0.714	1	9	72	5	77	20	145	0
0.714	1	14	72	5	80	20	145	0
0.714	1	6	72	5	22	20	145	1
0.714	1	4	72	5	33	20	145	1
0.715	1	5	72	6	86	20	145	0
0.715	1	8	72	6	91	20	145	0
0.715	1	1	72	6	45	20	145	1
0.715	1	7	72	6	56	20	145	1
0.716	1	13	72	7	95	20	145	0
0.716	1	10	72	7	98	20	145	0
0.716	1	15	72	7	64	20	145	1
0.716	1	12	72	7	71	20	145	1
0.717	1	2	72	8	100	20	145	0
0.717	1	11	72	8	1	20	145	0
0.717	1	9	72	8	77	20	145	1
0.717	1	14	72	8	80	20	145	1
0.718	1	3	72	9	10	20	145	0
0.718	1	6	72	9	22	20	145	0
0.718	1	5	72	9	86	20	145	1
0.718	1	8	72	9	91	20	145	1
0.719	1	4	72	10	33	20	145	0
0.719	1	1	72	10	45	20	145	0
0.719	1	13	72	10	95	20	145	1
0.719	1	10	72	10	98	20	145	1
0.72	1	7	73	1	56	20	145	0
0.72	1	15	73	1	64	20	145	0
0.72	1	2	73	1	100	20	145	1
0.72	1	11	73	1	1	20	145	1
0.721	1	12	73	2	71	20	145	0
0.721	1	9	73	2	77	20	145	0
0.721	1	3	73	2	10	20	145	1
0.721	1	6	73	2	22	20	145	1
0.722	1	14	73	3	80	20	145	0
0.722	1	5	73	3	86	20	145	0
0.722	1	4	73	3	33	20	145	1
0.722	1	1	73	3	45	20	145	1
0.723	1	8	73	4	91	20	145	0
0.723	1	13	73	4	95	20	145	0
0.723	1	7	73	4	56	20	145	1
0.723	1	15	73	4	64	20	145	1
0.724	1	10	73	5	98	20	145	0
0.724	1	2	73	5	100	20	145	0
0.724	1	12	73	5	71	20	145	1
0.724	1	9	73	5	77	20	145	1
0.725	1	11	73	6	1	20	145	0
0.725	1	3	73	6	10	20	145	0
0.725	1	14	73	6	80	20	145	1
0.725	1	5	73	6	86	20	145	1
0.726	1	6	73	7	22	20	145	0
0.726	1	4	73	7	33	20	145	0
0.726	1	8	73	7	91	20	145	1
0.726	1	13	73	7	95	20	145	1
0.727	1	1	73	8	45	20	145	0
0.727	1	7	73	8	56	20	145	0
0.727	1	10	73	8	98	20	145	1
0.727	1	2	73	8	100	20	145	1
0.728	1	15	73	9	64	20	145	0
0.728	1	12	73	9	71	20	145	0
0.728	1	11	73	9	1	20	145	1
0.728	1	3	73	9	10	20	145	1
0.729	1	9	73	10	77	20	145	0
0.729	1	14	73	10	80	20	145	0
0.729	1	6	73	10	22	20	145	1
0.729	1	4	73	10	33	20	145	1
0.73	1	5	74	1	86	20	145	0
0.73	1	8	74	1	91	20	145	0
0.73	1	1	74	1	45	20	145	1
0.73	1	7	74	1	56	20	145	1
0.731	1	13	74	2	95	20	145	0
0.731	1	10	74	2	98	20	145	0
0.731	1	15	74	2	64	20	145	1
0.731	1	12	74	2	71	20	145	1
0.732	1	2	74	3	100	20	145	0
0.732	1	11	74	3	1	20	145	0
0.732	1	9	74	3	77	20	145	1
0.732	1	14	74	3	80	20	145	1
0.733	1	3	74	4	10	20	145	0
0.733	1	6	74	4	22	20	145	0
0.733	1	5	74	4	86	20	145	1
0.733	1	8	74	4	91	20	145	1
0.734	1	4	74	5	33	20	145	0
0.734	1	1	74	5	45	20	145	0
0.734	1	13	74	5	95	20	145	1
0.734	1	10	74	5	98	20	145	1
0.735	1	7	74	6	56	20	145	0
0.735	1	15	74	6	64	20	145	0
0.735	1	2	74	6	100	20	145	1
0.735	1	11	74	6	1	20	145	1
0.736	1	12	74	7	71	20	145	0
0.736	1	9	74	7	77	20	145	0
0.736	1	3	74	7	10	20	145	1
0.736	1	6	74	7	22	20	145	1
0.737	1	14	74	8	80	20	145	0
0.737	1	5	74	8	86	20	145	0
0.737	1	4	74	8	33	20	145	1
0.737	1	1	74	8	45	20	145	1
0.738	1	8	74	9	91	20	145	0
0.738	1	13	74	9	95	20	145	0
0.738	1	7	74	9	56	20	145	1
0.738	1	15	74	9	64	20	145	1
0.739	1	10	74	10	98	20	145	0
0.739	1	2	74	10	100	20	145	0
0.739	1	12	74	10	71	20	145	1
0.739	1	9	74	10	77	20	145	1
0.74	1	11	75	1	1	20	145	0
0.74	1	3	75	1	10	20	145	0
0.74	1	14	75	1	80	20	145	1
0.74	1	5	75	1	86	20	145	1
0.741	1	6	75	2	22	20	145	0
0.741	1	4	75	2	33	20	145	0
0.741	1	8	75	2	91	20	145	1
0.741	1	13	75	2	95	20	145	1
0.742	1	1	75	3	45	20	145	0
0.742	1	7	75	3	56	20	145	0
0.742	1	10	75	3	98	20	145	1
0.742	1	2	75	3	100	20	145	1
0.743	1	15	75	4	64	20	145	0
0.743	1	12	75	4	71	20	145	0
0.743	1	11	75	4	1	20	145	1
0.743	1	3	75	4	10	20	145	1
0.744	1	9	75	5	77	20	145	0
0.744	1	14	75	5	80	20	145	0
0.744	1	6	75	5	22	20	145	1
0.744	1	4	75	5	33	20	145	1
0.745	1	5	75	6	86	20	145	0
0.745	1	8	75	6	91	20	145	0
0.745	1	1	75	6	45	20	145	1
0.745	1	7	75	6	56	20	145	1
0.746	1	13	75	7	95	20	145	0
0.746	1	10	75	7	98	20	145	0
0.746	1	15	75	7	64	20	145	1
0.746	1	12	75	7	71	20	145	1
0.747	1	2	75	8	100	20	145	0
0.747	1	11	75	8	1	20	145	0
0.747	1	9	75	8	77	20	145	1
0.747	1	14	75	8	80	20	145	1
0.748	1	3	75	9	10	20	145	0
0.748	1	6	75	9	22	20	145	0
0.748	1	5	75	9	86	20	145	1
0.748	1	8	75	9	91	20	145	1
0.749	1	4	75	10	33	20	145	0
0.749	1	1	75	10	45	20	145	0
0.749	1	13	75	10	95	20	145	1
0.749	1	10	75	10	98	20	145	1
0.75	1	7	76	1	56	20	145	0
0.75	1	15	76	1	64	20	145	0
0.75	1	2	76	1	100	20	145	1
0.75	1	11	76	1	1	20	145	1
0.751	1	12	76	2	71	20	145	0
0.751	1	9	76	2	77	20	145	0
0.751	1	3	76	2	10	20	145	1
0.751	1	6	76	2	22	20	145	1
0.752	1	14	76	3	80	20	145	0
0.752	1	5	76	3	86	20	145	0
0.752	1	4	76	3	33	20	145	1
0.752	1	1	76	3	45	20	145	1
0.753	1	8	76	4	91	20	145	0
0.753	1	13	76	4	95	20	145	0
0.753	1	7	76	4	56	20	145	1
0.753	1	15	76	4	64	20	145	1
0.754	1	10	76	5	98	20	145	0
0.754	1	2	76	5	100	20	145	0
0.754	1	12	76	5	71	20	145	1
0.754	1	9	76	5	77	20	145	1
0.755	1	11	76	6	1	20	145	0
0.755	1	3	76	6	10	20	145	0
0.755	1	14	76	6	80	20	145	1
0.755	1	5	76	6	86	20	145	1
0.756	1	6	76	7	22	20	145	0
0.756	1	4	76	7	33	20	145	0
0.756	1	8	76	7	91	20	145	1
0.756	1	13	76	7	95	20	145	1
0.757	1	1	76	8	45	20	145	0
0.757	1	7	76	8	56	20	145	0
0.757	1	10	76	8	98	20	145	1
0.757	1	2	76	8	100	20	145	1
0.758	1	15	76	9	64	20	145	0
0.758	1	12	76	9	71	20	145	0
0.758	1	11	76	9	1	20	145	1
0.758	1	3	76	9	10	20	145	1
0.759	1	9	76	10	77	20	145	0
0.759	1	14	76	10	80	20	145	0
0.759	1	6	76	10	22	20	145	1
0.759	1	4	76	10	33	20	145	1
0.76	1	5	77	1	86	20	145	0
0.76	1	8	77	1	91	20	145	0
0.76	1	1	77	1	45	20	145	1
0.76	1	7	77	1	56	20	145	1
0.761	1	13	77	2	95	20	145	0
0.761	1	10	77	2	98	20	145	0
0.761	1	15	77	2	64	20	145	1
0.761	1	12	77	2	71	20	145	1
0.762	1	2	77	3	100	20	145	0
0.762	1	11	77	3	1	20	145	0
0.762	1	9	77	3	77	20	145	1
0.762	1	14	77	3	80	20	145	1
0.763	1	3	77	4	10	20	145	0
0.763	1	6	77	4	22	20	145	0
0.763	1	5	77	4	86	20	145	1
0.763	1	8	77	4	91	20	145	1
0.764	1	4	77	5	33	20	145	0
0.764	1	1	77	5	45	20	145	0
0.764	1	13	77	5	95	20	145	1
0.764	1	10	77	5	98	20	145	1
0.765	1	7	77	6	56	20	145	0
0.765	1	15	77	6	64	20	145	0
0.765	1	2	77	6	100	20	145	1
0.765	1	11	77	6	1	20	145	1
0.766	1	12	77	7	71	20	145	0
0.766	1	9	77	7	77	20	145	0
0.766	1	3	77	7	10	20	145	1
0.766	1	6	77	7	22	20	145	1
0.767	1	14	77	8	80	20	145	0
0.767	1	5	77	8	86	20	145	0
0.767	1	4	77	8	33	20	145	1
0.767	1	1	77	8	45	20	145	1
0.768	1	8	77	9	91	20	145	0
0.768	1	13	77	9	95	20	145	0
0.768	1	7	77	9	56	20	145	1
0.768	1	15	77	9	64	20	145	1
0.769	1	10	77	10	98	20	145	0
0.769	1	2	77	10	100	20	145	0
0.769	1	12	77	10	71	20	145	1
0.769	1	9	77	10	77	20	145	1
0.77	1	11	78	1	1	20	145	0
0.77	1	3	78	1	10	20	145	0
0.77	1	14	78	1	80	20	145	1
0.77	1	5	78	1	86	20	145	1
0.771	1	6	78	2	22	20	145	0
0.771	1	4	78	2	33	20	145	0
0.771	1	8	78	2	91	20	145	1
0.771	1	13	78	2	95	20	145	1
0.772	1	1	78	3	45	20	145	0
0.772	1	7	78	3	56	20	145	0
0.772	1	10	78	3	98	20	145	1
0.772	1	2	78	3	100	20	145	1
0.773	1	15	78	4	64	20	145	0
0.773	1	12	78	4	71	20	145	0
0.773	1	11	78	4	1	20	145	1
0.773	1	3	78	4	10	20	145	1
0.774	1	9	78	5	77	20	145	0
0.774	1	14	78	5	80	20	145	0
0.774	1	6	78	5	22	20	145	1
0.774	1	4	78	5	33	20	145	1
0.775	1	5	78	6	86	20	145	0
0.775	1	8	78	6	91	20	145	0
0.775	1	1	78	6	45	20	145	1
0.775	1	7	78	6	56	20	145	1
0.776	1	13	78	7	95	20	145	0
0.776	1	10	78	7	98	20	145	0
0.776	1	15	78	7	64	20	145	1
0.776	1	12	78	7	71	20	145	1
0.777	1	2	78	8	100	20	145	0
0.777	1	11	78	8	1	20	145	0
0.777	1	9	78	8	77	20	145	1
0.777	1	14	78	8	80	20	145	1
0.778	1	3	78	9	10	20	145	0
0.778	1	6	78	9	22	20	145	0
0.778	1	5	78	9	86	20	145	1
0.778	1	8	78	9	91	20	145	1
0.779	1	4	78	10	33	20	145	0
0.779	1	1	78	10	45	20	145	0
0.779	1	13	78	10	95	20	145	1
0.779	1	10	78	10	98	20	145	1
0.78	1	7	79	1	56	20	145	0
0.78	1	15	79	1	64	20	145	0
0.78	1	2	79	1	100	20	145	1
0.78	1	11	79	1	1	20	145	1
0.781	1	12	79	2	71	20	145	0
0.781	1	9	79	2	77	20	145	0
0.781	1	3	79	2	10	20	145	1
0.781	1	6	79	2	22	20	145	1
0.782	1	14	79	3	80	20	145	0
0.782	1	5	79	3	86	20	145	0
0.782	1	4	79	3	33	20	145	1
0.782	1	1	79	3	45	20	145	1
0.783	1	8	79	4	91	20	145	0
0.783	1	13	79	4	95	20	145	0
0.783	1	7	79	4	56	20	145	1
0.783	1	15	79	4	64	20	145	1
0.784	1	10	79	5	98	20	145	0
0.784	1	2	79	5	100	20	145	0
0.784	1	12	79	5	71	20	145	1
0.784	1	9	79	5	77	20	145	1
0.785	1	11	79	6	1	20	145	0
0.785	1	3	79	6	10	20	145	0
0.785	1	14	79	6	80	20	145	1
0.785	1	5	79	6	86	20	145	1
0.786	1	6	79	7	22	20	145	0
0.786	1	4	79	7	33	20	145	0
0.786	1	8	79	7	91	20	145	1
0.786	1	13	79	7	95	20	145	1
0.787	1	1	79	8	45	20	145	0
0.787	1	7	79	8	56	20	145	0
0.787	1	10	79	8	98	20	145	1
0.787	1	2	79	8	100	20	145	1
0.788	1	15	79	9	64	20	145	0
0.788	1	12	79	9	71	20	145	0
0.788	1	11	79	9	1	20	145	1
0.788	1	3	79	9	10	20	145	1
0.789	1	9	79	10	77	20	145	0
0.789	1	14	79	10	80	20	145	0
0.789	1	6	79	10	22	20	145	1
0.789	1	4	79	10	33	20	145	1
0.79	1	5	80	1	86	20	145	0
0.79	1	8	80	1	91	20	145	0
0.79	1	1	80	1	45	20	145	1
0.79	1	7	80	1	56	20	145	1
0.791	1	13	80	2	95	20	145	0
0.791	1	10	80	2	98	20	145	0
0.791	1	15	80	2	64	20	145	1
0.791	1	12	80	2	71	20	145	1
0.792	1	2	80	3	100	20	145	0
0.792	1	11	80	3	1	20	145	0
0.792	1	9	80	3	77	20	145	1
0.792	1	14	80	3	80	20	145	1
0.793	1	3	80	4	10	20	145	0
0.793	1	6	80	4	22	20	145	0
0.793	1	5	80	4	86	20	145	1
0.793	1	8	80	4	91	20	145	1
0.794	1	4	80	5	33	20	145	0
0.794	1	1	80	5	45	20	145	0
0.794	1	13	80	5	95	20	145	1
0.794	1	10	80	5	98	20	145	1
0.795	1	7	80	6	56	20	145	0
0.795	1	15	80	6	64	20	145	0
0.795	1	2	80	6	100	20	145	1
0.795	1	11	80	6	1	20	145	1
0.796	1	12	80	7	71	20	145	0
0.796	1	9	80	7	77	20	145	0
0.796	1	3	80	7	10	20	145	1
0.796	1	6	80	7	22	20	145	1
0.797	1	14	80	8	80	20	145	0
0.797	1	5	80	8	86	20	145	0
0.797	1	4	80	8	33	20	145	1
0.797	1	1	80	8	45	20	145	1
0.798	1	8	80	9	91	20	145	0
0.798	1	13	80	9	95	20	145	0
0.798	1	7	80	9	56	20	145	1
0.798	1	15	80	9	64	20	145	1
0.799	1	10	80	10	98	20	145	0
0.799	1	2	80	10	100	20	145	0
0.799	1	12	80	10	71	20	145	1
0.799	1	9	80	10	77	20	145	1
0.8	1	11	81	1	1	20	145	0
0.8	1	3	81	1	10	20	145	0
0.8	1	14	81	1	80	20	145	1
0.8	1	5	81	1	86	20	145	1
0.801	1	6	81	2	22	20	145	0
0.801	1	4	81	2	33	20	145	0
0.801	1	8	81	2	91	20	145	1
0.801	1	13	81	2	95	20	145	1
0.802	1	1	81	3	45	20	145	0
0.802	1	7	81	3	56	20	145	0
0.802	1	10	81	3	98	20	145	1
0.802	1	2	81	3	100	20	145	1
0.803	1	15	81	4	64	20	145	0
0.803	1	12	81	4	71	20	145	0
0.803	1	11	81	4	1	20	145	1
0.803	1	3	81	4	10	20	145	1
0.804	1	9	81	5	77	20	145	0
0.804	1	14	81	5	80	20	145	0
0.804	1	6	81	5	22	20	145	1
0.804	1	4	81	5	33	20	145	1
0.805	1	5	81	6	86	20	145	0
0.805	1	8	81	6	91	20	145	0
0.805	1	1	81	6	45	20	145	1
0.805	1	7	81	6	56	20	145	1
0.806	1	13	81	7	95	20	145	0
0.806	1	10	81	7	98	20	145	0
0.806	1	15	81	7	64	20	145	1
0.806	1	12	81	7	71	20	145	1
0.807	1	2	81	8	100	20	145	0
0.807	1	11	81	8	1	20	145	0
0.807	1	9	81	8	77	20	145	1
0.807	1	14	81	8	80	20	145	1
0.808	1	3	81	9	10	20	145	0
0.808	1	6	81	9	22	20	145	0
0.808	1	5	81	9	86	20	145	1
0.808	1	8	81	9	91	20	145	1
0.809	1	4	81	10	33	20	145	0
0.809	1	1	81	10	45	20	145	0
0.809	1	13	81	10	95	20	145	1
0.809	1	10	81	10	98	20	145	1
0.81	1	7	82	1	56	20	145	0
0.81	1	15	82	1	64	20	145	0
0.81	1	2	82	1	100	20	145	1
0.81	1	11	82	1	1	20	145	1
0.811	1	12	82	2	71	20	145	0
0.811	1	9	82	2	77	20	145	0
0.811	1	3	82	2	10	20	145	1
0.811	1	6	82	2	22	20	145	1
0.812	1	14	82	3	80	20	145	0
0.812	1	5	82	3	86	20	145	0
0.812	1	4	82	3	33	20	145	1
0.812	1	1	82	3	45	20	145	1
0.813	1	8	82	4	91	20	145	0
0.813	1	13	82	4	95	20	145	0
0.813	1	7	82	4	56	20	145	1
0.813	1	15	82	4	64	20	145	1
0.814	1	10	82	5	98	20	145	0
0.814	1	2	82	5	100	20	145	0
0.814	1	12	82	5	71	20	145	1
0.814	1	9	82	5	77	20	145	1
0.815	1	11	82	6	1	20	145	0
0.815	1	3	82	6	10	20	145	0
0.815	1	14	82	6	80	20	145	1
0.815	1	5	82	6	86	20	145	1
0.816	1	6	82	7	22	20	145	0
0.816	1	4	82	7	33	20	145	0
0.816	1	8	82	7	91	20	145	1
0.816	1	13	82	7	95	20	145	1
0.817	1	1	82	8	45	20	145	0
0.817	1	7	82	8	56	20	145	0
0.817	1	10	82	8	98	20	145	1
0.817	1	2	82	8	100	20	145	1
0.818	1	15	82	9	64	20	145	0
0.818	1	12	82	9	71	20	145	0
0.818	1	11	82	9	1	20	145	1
0.818	1	3	82	9	10	20	145	1
0.819	1	9	82	10	77	20	145	0
0.819	1	14	82	10	80	20	145	0
0.819	1	6	82	10	22	20	145	1
0.819	1	4	82	10	33	20	145	1
0.82	1	5	83	1	86	20	145	0
0.82	1	8	83	1	91	20	145	0
0.82	1	1	83	1	45	20	145	1
0.82	1	7	83	1	56	20	145	1
0.821	1	13	83	2	95	20	145	0
0.821	1	10	83	2	98	20	145	0
0.821	1	15	83	2	64	20	145	1
0.821	1	12	83	2	71	20	145	1
0.822	1	2	83	3	100	20	145	0
0.822	1	11	83	3	1	20	145	0
0.822	1	9	83	3	77	20	145	1
0.822	1	14	83	3	80	20	145	1
0.823	1	3	83	4	10	20	145	0
0.823	1	6	83	4	22	20	145	0
0.823	1	5	83	4	86	20	145	1
0.823	1	8	83	4	91	20	145	1
0.824	1	4	83	5	33	20	145	0
0.824	1	1	83	5	45	20	145	0
0.824	1	13	83	5	95	20	145	1
0.824	1	10	83	5	98	20	145	1
0.825	1	7	83	6	56	20	145	0
0.825	1	15	83	6	64	20	145	0
0.825	1	2	83	6	100	20	145	1
0.825	1	11	83	6	1	20	145	1
0.826	1	12	83	7	71	20	145	0
0.826	1	9	83	7	77	20	145	0
0.826	1	3	83	7	10	20	145	1
0.826	1	6	83	7	22	20	145	1
0.827	1	14	83	8	80	20	145	0
0.827	1	5	83	8	86	20	145	0
0.827	1	4	83	8	33	20	145	1
0.827	1	1	83	8	45	20	145	1
0.828	1	8	83	9	91	20	145	0
0.828	1	13	83	9	95	20	145	0
0.828	1	7	83	9	56	20	145	1
0.828	1	15	83	9	64	20	145	1
0.829	1	10	83	10	98	20	145	0
0.829	1	2	83	10	100	20	145	0
0.829	1	12	83	10	71	20	145	1
0.829	1	9	83	10	77	20	145	1
0.83	1	11	84	1	1	20	145	0
0.83	1	3	84	1	10	20	145	0
0.83	1	14	84	1	80	20	145	1
0.83	1	5	84	1	86	20	145	1
0.831	1	6	84	2	22	20	145	0
0.831	1	4	84	2	33	20	145	0
0.831	1	8	84	2	91	20	145	1
0.831	1	13	84	2	95	20	145	1
0.832	1	1	84	3	45	20	145	0
0.832	1	7	84	3	56	20	145	0
0.832	1	10	84	3	98	20	145	1
0.832	1	2	84	3	100	20	145	1
0.833	1	15	84	4	64	20	145	0
0.833	1	12	84	4	71	20	145	0
0.833	1	11	84	4	1	20	145	1
0.833	1	3	84	4	10	20	145	1
0.834	1	9	84	5	77	20	145	0
0.834	1	14	84	5	80	20	145	0
0.834	1	6	84	5	22	20	145	1
0.834	1	4	84	5	33	20	145	1
0.835	1	5	84	6	86	20	145	0
0.835	1	8	84	6	91	20	145	0
0.835	1	1	84	6	45	20	145	1
0.835	1	7	84	6	56	20	145	1
0.836	1	13	84	7	95	20	145	0
0.836	1	10	84	7	98	20	145	0
0.836	1	15	84	7	64	20	145	1
0.836	1	12	84	7	71	20	145	1
0.837	1	2	84	8	100	20	145	0
0.837	1	11	84	8	1	20	145	0
0.837	1	9	84	8	77	20	145	1
0.837	1	14	84	8	80	20	145	1
0.838	1	3	84	9	10	20	145	0
0.838	1	6	84	9	22	20	145	0
0.838	1	5	84	9	86	20	145	1
0.838	1	8	84	9	91	20	145	1
0.839	1	4	84	10	33	20	145	0
0.839	1	1	84	10	45	20	145	0
0.839	1	13	84	10	95	20	145	1
0.839	1	10	84	10	98	20	145	1
0.84	1	7	85	1	56	20	145	0
0.84	1	15	85	1	64	20	145	0
0.84	1	2	85	1	100	20	145	1
0.84	1	11	85	1	1	20	145	1
0.841	1	12	85	2	71	20	145	0
0.841	1	9	85	2	77	20	145	0
0.841	1	3	85	2	10	20	145	1
0.841	1	6	85	2	22	20	145	1
0.842	1	14	85	3	80	20	145	0
0.842	1	5	85	3	86	20	145	0
0.842	1	4	85	3	33	20	145	1
0.842	1	1	85	3	45	20	145	1
0.843	1	8	85	4	91	20	145	0
0.843	1	13	85	4	95	20	145	0
0.843	1	7	85	4	56	20	145	1
0.843	1	15	85	4	64	20	145	1
0.844	1	10	85	5	98	20	145	0
0.844	1	2	85	5	100	20	145	0
0.844	1	12	85	5	71	20	145	1
0.844	1	9	85	5	77	20	145	1
0.845	1	11	85	6	1	20	145	0
0.845	1	3	85	6	10	20	145	0
0.845	1	14	85	6	80	20	145	1
0.845	1	5	85	6	86	20	145	1
0.846	1	6	85	7	22	20	145	0
0.846	1	4	85	7	33	20	145	0
0.846	1	8	85	7	91	20	145	1
0.846	1	13	85	7	95	20	145	1
0.847	1	1	85	8	45	20	145	0
0.847	1	7	85	8	56	20	145	0
0.847	1	10	85	8	98	20	145	1
0.847	1	2	85	8	100	20	145	1
0.848	1	15	85	9	64	20	145	0
0.848	1	12	85	9	71	20	145	0
0.848	1	11	85	9	1	20	145	1
0.848	1	3	85	9	10	20	145	1
0.849	1	9	85	10	77	20	145	0
0.849	1	14	85	10	80	20	145	0
0.849	1	6	85	10	22	20	145	1
0.849	1	4	85	10	33	20	145	1
0.85	1	5	86	1	86	20	145	0
0.85	1	8	86	1	91	20	145	0
0.85	1	1	86	1	45	20	145	1
0.85	1	7	86	1	56	20	145	1
0.851	1	13	86	2	95	20	145	0
0.851	1	10	86	2	98	20	145	0
0.851	1	15	86	2	64	20	145	1
0.851	1	12	86	2	71	20	145	1
0.852	1	2	86	3	100	20	145	0
0.852	1	11	86	3	1	20	145	0
0.852	1	9	86	3	77	20	145	1
0.852	1	14	86	3	80	20	145	1
0.853	1	3	86	4	10	20	145	0
0.853	1	6	86	4	22	20	145	0
0.853	1	5	86	4	86	20	145	1
0.853	1	8	86	4	91	20	145	1
0.854	1	4	86	5	33	20	145	0
0.854	1	1	86	5	45	20	145	0
0.854	1	13	86	5	95	20	145	1
0.854	1	10	86	5	98	20	145	1
0.855	1	7	86	6	56	20	145	0
0.855	1	15	86	6	64	20	145	0
0.855	1	2	86	6	100	20	145	1
0.855	1	11	86	6	1	20	145	1
0.856	1	12	86	7	71	20	145	0
0.856	1	9	86	7	77	20	145	0
0.856	1	3	86	7	10	20	145	1
0.856	1	6	86	7	22	20	145	1
0.857	1	14	86	8	80	20	145	0
0.857	1	5	86	8	86	20	145	0
0.857	1	4	86	8	33	20	145	1
0.857	1	1	86	8	45	20	145	1
0.858	1	8	86	9	91	20	145	0
0.858	1	13	86	9	95	20	145	0
0.858	1	7	86	9	56	20	145	1
0.858	1	15	86	9	64	20	145	1
0.859	1	10	86	10	98	20	145	0
0.859	1	2	86	10	100	20	145	0
0.859	1	12	86	10	71	20	145	1
0.859	1	9	86	10	77	20	145	1
0.86	1	11	87	1	1	20	145	0
0.86	1	3	87	1	10	20	145	0
0.86	1	14	87	1	80	20	145	1
0.86	1	5	87	1	86	20	145	1
0.861	1	6	87	2	22	20	145	0
0.861	1	4	87	2	33	20	145	0
0.861	1	8	87	2	91	20	145	1
0.861	1	13	87	2	95	20	145	1
0.862	1	1	87	3	45	20	145	0
0.862	1	7	87	3	56	20	145	0
0.862	1	10	87	3	98	20	145	1
0.862	1	2	87	3	100	20	145	1
0.863	1	15	87	4	64	20	145	0
0.863	1	12	87	4	71	20	145	0
0.863	1	11	87	4	1	20	145	1
0.863	1	3	87	4	10	20	145	1
0.864	1	9	87	5	77	20	145	0
0.864	1	14	87	5	80	20	145	0
0.864	1	6	87	5	22	20	145	1
0.864	1	4	87	5	33	20	145	1
0.865	1	5	87	6	86	20	145	0
0.865	1	8	87	6	91	20	145	0
0.865	1	1	87	6	45	20	145	1
0.865	1	7	87	6	56	20	145	1
0.866	1	13	87	7	95	20	145	0
0.866	1	10	87	7	98	20	145	0
0.866	1	15	87	7	64	20	145	1
0.866	1	12	87	7	71	20	145	1
0.867	1	2	87	8	100	20	145	0
0.867	1	11	87	8	1	20	145	0
0.867	1	9	87	8	77	20	145	1
0.867	1	14	87	8	80	20	145	1
0.868	1	3	87	9	10	20	145	0
0.868	1	6	87	9	22	20	145	0
0.868	1	5	87	9	86	20	145	1
0.868	1	8	87	9	91	20	145	1
0.869	1	4	87	10	33	20	145	0
0.869	1	1	87	10	45	20	145	0
0.869	1	13	87	10	95	20	145	1
0.869	1	10	87	10	98	20	145	1
0.87	1	7	88	1	56	20	145	0
0.87	1	15	88	1	64	20	145	0
0.87	1	2	88	1	100	20	145	1
0.87	1	11	88	1	1	20	145	1
0.871	1	12	88	2	71	20	145	0
0.871	1	9	88	2	77	20	145	0
0.871	1	3	88	2	10	20	145	1
0.871	1	6	88	2	22	20	145	1
0.872	1	14	88	3	80	20	145	0
0.872	1	5	88	3	86	20	145	0
0.872	1	4	88	3	33	20	145	1
0.872	1	1	88	3	45	20	145	1
0.873	1	8	88	4	91	20	145	0
0.873	1	13	88	4	95	20	145	0
0.873	1	7	88	4	56	20	145	1
0.873	1	15	88	4	64	20	145	1
0.874	1	10	88	5	98	20	145	0
0.874	1	2	88	5	100	20	145	0
0.874	1	12	88	5	71	20	145	1
0.874	1	9	88	5	77	20	145	1
0.875	1	11	88	6	1	20	145	0
0.875	1	3	88	6	10	20	145	0
0.875	1	14	88	6	80	20	145	1
0.875	1	5	88	6	86	20	145	1
0.876	1	6	88	7	22	20	145	0
0.876	1	4	88	7	33	20	145	0
0.876	1	8	88	7	91	20	145	1
0.876	1	13	88	7	95	20	145	1
0.877	1	1	88	8	45	20	145	0
0.877	1	7	88	8	56	20	145	0
0.877	1	10	88	8	98	20	145	1
0.877	1	2	88	8	100	20	145	1
0.878	1	15	88	9	64	20	145	0
0.878	1	12	88	9	71	20	145	0
0.878	1	11	88	9	1	20	145	1
0.878	1	3	88	9	10	20	145	1
0.879	1	9	88	10	77	20	145	0
0.879	1	14	88	10	80	20	145	0
0.879	1	6	88	10	22	20	145	1
0.879	1	4	88	10	33	20	145	1
0.88	1	5	89	1	86	20	145	0
0.88	1	8	89	1	91	20	145	0
0.88	1	1	89	1	45	20	145	1
0.88	1	7	89	1	56	20	145	1
0.881	1	13	89	2	95	20	145	0
0.881	1	10	89	2	98	20	145	0
0.881	1	15	89	2	64	20	145	1
0.881	1	12	89	2	71	20	145	1
0.882	1	2	89	3	100	20	145	0
0.882	1	11	89	3	1	20	145	0
0.882	1	9	89	3	77	20	145	1
0.882	1	14	89	3	80	20	145	1
0.883	1	3	89	4	10	20	145	0
0.883	1	6	89	4	22	20	145	0
0.883	1	5	89	4	86	20	145	1
0.883	1	8	89	4	91	20	145	1
0.884	1	4	89	5	33	20	145	0
0.884	1	1	89	5	45	20	145	0
0.884	1	13	89	5	95	20	145	1
0.884	1	10	89	5	98	20	145	1
0.885	1	7	89	6	56	20	145	0
0.885	1	15	89	6	64	20	145	0
0.885	1	2	89	6	100	20	145	1
0.885	1	11	89	6	1	20	145	1
0.886	1	12	89	7	71	20	145	0
0.886	1	9	89	7	77	20	145	0
0.886	1	3	89	7	10	20	145	1
0.886	1	6	89	7	22	20	145	1
0.887	1	14	89	8	80	20	145	0
0.887	1	5	89	8	86	20	145	0
0.887	1	4	89	8	33	20	145	1
0.887	1	1	89	8	45	20	145	1
0.888	1	8	89	9	91	20	145	0
0.888	1	13	89	9	95	20	145	0
0.888	1	7	89	9	56	20	145	1
0.888	1	15	89	9	64	20	145	1
0.889	1	10	89	10	98	20	145	0
0.889	1	2	89	10	100	20	145	0
0.889	1	12	89	10	71	20	145	1
0.889	1	9	89	10	77	20	145	1
0.89	1	11	90	1	1	20	145	0
0.89	1	3	90	1	10	20	145	0
0.89	1	14	90	1	80	20	145	1
0.89	1	5	90	1	86	20	145	1
0.891	1	6	90	2	22	20	145	0
0.891	1	4	90	2	33	20	145	0
0.891	1	8	90	2	91	20	145	1
0.891	1	13	90	2	95	20	145	1
0.892	1	1	90	3	45	20	145	0
0.892	1	7	90	3	56	20	145	0
0.892	1	10	90	3	98	20	145	1
0.892	1	2	90	3	100	20	145	1
0.893	1	15	90	4	64	20	145	0
0.893	1	12	90	4	71	20	145	0
0.893	1	11	90	4	1	20	145	1
0.893	1	3	90	4	10	20	145	1
0.894	1	9	90	5	77	20	145	0
0.894	1	14	90	5	80	20	145	0
0.894	1	6	90	5	22	20	145	1
0.894	1	4	90	5	33	20	145	1
0.895	1	5	90	6	86	20	145	0
0.895	1	8	90	6	91	20	145	0
0.895	1	1	90	6	45	20	145	1
0.895	1	7	90	6	56	20	145	1
0.896	1	13	90	7	95	20	145	0
0.896	1	10	90	7	98	20	145	0
0.896	1	15	90	7	64	20	145	1
0.896	1	12	90	7	71	20	145	1
0.897	1	2	90	8	100	20	145	0
0.897	1	11	90	8	1	20	145	0
0.897	1	9	90	8	77	20	145	1
0.897	1	14	90	8	80	20	145	1
0.898	1	3	90	9	10	20	145	0
0.898	1	6	90	9	22	20	145	0
0.898	1	5	90	9	86	20	145	1
0.898	1	8	90	9	91	20	145	1
0.899	1	4	90	10	33	20	145	0
0.899	1	1	90	10	45	20	145	0
0.899	1	13	90	10	95	20	145	1
0.899	1	10	90	10	98	20	145	1
